-3.141593 -3.141593 -3.141593
-3.141593 -3.141593 -3.141593
-3.141593 -3.141593 -3.141593
-3.141593 -3.141593 -3.141593
-3.141593 -3.141593 -3.141593
-3.141593 -3.141593 -3.141593
-3.141593 -3.141593 -3.141593
-3.141593 -3.141593 -3.141593
-3.141593 -3.141593 -3.141593
-3.141593 -3.141593 -3.141593
-3.141593 -3.141593 -3.141593
-3.141593 -3.141593 -3.141593
-3.141593 -3.141593 -3.141593
-3.141593 -3.141593 -3.141593
-3.141593 -3.141593 -3.141593
-3.141593 -3.141593 -3.141593
-3.141593 -3.141593 -3.141593
-3.141593 -3.141593 -3.141593
-3.141593 -3.141593 -3.141593
-3.141593 -3.141593 -3.141593
-3.141593 -3.141593 -3.141593
-3.141593 -3.141593 -3.141593
-3.141593 -3.141593 -3.141593
-3.141593 -3.141593 -3.141593
-3.141593 -3.141593 -3.141593
-3.141593 -3.141593 -3.141593
-3.141593 -3.141593 -3.141593
-3.141593 -3.141593 -3.141593
-3.141593 -3.141593 -3.141593
-3.141593 -3.141593 -3.141593
-3.141593 -3.141593 -3.141593
-3.141593 -3.141593 -3.141593
-3.141593 -3.141593 -3.141593
-3.141593 -3.141593 -3.141593
-3.141593 -3.141593 -3.141593
-3.141593 -3.141593 -3.141593
-3.141593 -3.141593 -3.141593
-3.141593 -3.141593 -2.792527
-2.792527 -2.792527 -2.792527
-2.792527 -2.792527 -2.792527
-2.792527 -2.792527 -2.792527
-2.792527 -2.792527 -2.792527
-2.792527 -2.792527 -2.792527
-2.792527 -2.792527 -2.792527
-2.792527 -2.792527 -2.792527
-2.792527 -2.792527 -2.792527
-2.792527 -2.792527 -2.792527
-2.792527 -2.792527 -2.792527
-2.792527 -2.792527 -2.792527
-2.792527 -2.792527 -2.792527
-2.792527 -2.792527 -2.792527
-2.792527 -2.792527 -2.792527
-2.792527 -2.792527 -2.792527
-2.792527 -2.792527 -2.792527
-2.792527 -2.792527 -2.792527
-2.792527 -2.792527 -2.792527
-2.792527 -2.792527 -2.792527
-2.792527 -2.792527 -2.792527
-2.792527 -2.792527 -2.792527
-2.792527 -2.792527 -2.792527
-2.792527 -2.792527 -2.792527
-2.792527 -2.792527 -2.792527
-2.792527 -2.792527 -2.792527
-2.792527 -2.792527 -2.792527
-2.792527 -2.792527 -2.792527
-2.792527 -2.792527 -2.792527
-2.792527 -2.792527 -2.792527
-2.792527 -2.792527 -2.792527
-2.443461 -2.443461 -2.443461
-2.443461 -2.443461 -2.443461
-2.443461 -2.443461 -2.443461
-2.443461 -2.443461 -2.443461
-2.443461 -2.443461 -2.443461
-2.443461 -2.443461 -2.443461
-2.443461 -2.443461 -2.443461
-2.443461 -2.443461 -2.443461
-2.443461 -2.443461 -2.443461
-2.443461 -2.443461 -2.443461
-2.443461 -2.443461 -2.443461
-2.443461 -2.443461 -2.443461
-2.443461 -2.443461 -2.443461
-2.443461 -2.443461 -2.443461
-2.443461 -2.443461 -2.443461
-2.443461 -2.443461 -2.443461
-2.443461 -2.443461 -2.443461
-2.443461 -2.443461 -2.443461
-2.443461 -2.443461 -2.443461
-2.443461 -2.443461 -2.443461
-2.443461 -2.443461 -2.443461
-2.443461 -2.443461 -2.443461
-2.443461 -2.443461 -2.443461
-2.443461 -2.443461 -2.443461
-2.443461 -2.443461 -2.443461
-2.443461 -2.443461 -2.443461
-2.443461 -2.443461 -2.443461
-2.443461 -2.443461 -2.443461
-2.443461 -2.443461 -2.443461
-2.443461 -2.443461 -2.443461
-2.443461 -2.094395 -2.094395
-2.094395 -2.094395 -2.094395
-2.094395 -2.094395 -2.094395
-2.094395 -2.094395 -2.094395
-2.094395 -2.094395 -2.094395
-2.094395 -2.094395 -2.094395
-2.094395 -2.094395 -2.094395
-2.094395 -2.094395 -2.094395
-2.094395 -2.094395 -2.094395
-2.094395 -2.094395 -2.094395
-2.094395 -2.094395 -2.094395
-2.094395 -2.094395 -2.094395
-2.094395 -2.094395 -2.094395
-2.094395 -2.094395 -2.094395
-2.094395 -2.094395 -2.094395
-2.094395 -2.094395 -2.094395
-2.094395 -2.094395 -2.094395
-2.094395 -2.094395 -2.094395
-2.094395 -2.094395 -2.094395
-2.094395 -2.094395 -2.094395
-2.094395 -2.094395 -2.094395
-2.094395 -2.094395 -2.094395
-2.094395 -2.094395 -2.094395
-2.094395 -2.094395 -2.094395
-2.094395 -2.094395 -2.094395
-2.094395 -2.094395 -2.094395
-2.094395 -2.094395 -2.094395
-2.094395 -2.094395 -2.094395
-2.094395 -2.094395 -2.094395
-2.094395 -2.094395 -2.094395
-2.094395 -1.745329 -1.745329
-1.745329 -1.745329 -1.745329
-1.745329 -1.745329 -1.745329
-1.745329 -1.745329 -1.745329
-1.745329 -1.745329 -1.745329
-1.745329 -1.745329 -1.745329
-1.745329 -1.745329 -1.745329
-1.745329 -1.745329 -1.745329
-1.745329 -1.745329 -1.745329
-1.745329 -1.745329 -1.745329
-1.745329 -1.745329 -1.745329
-1.745329 -1.745329 -1.745329
-1.745329 -1.745329 -1.745329
-1.745329 -1.745329 -1.745329
-1.745329 -1.745329 -1.745329
-1.745329 -1.745329 -1.745329
-1.745329 -1.745329 -1.745329
-1.745329 -1.745329 -1.745329
-1.745329 -1.745329 -1.745329
-1.745329 -1.745329 -1.745329
-1.745329 -1.745329 -1.745329
-1.745329 -1.745329 -1.745329
-1.745329 -1.745329 -1.745329
-1.745329 -1.745329 -1.745329
-1.745329 -1.745329 -1.745329
-1.745329 -1.745329 -1.745329
-1.745329 -1.745329 -1.745329
-1.745329 -1.745329 -1.745329
-1.745329 -1.745329 -1.745329
-1.745329 -1.745329 -1.396263
-1.396263 -1.396263 -1.396263
-1.396263 -1.396263 -1.396263
-1.396263 -1.396263 -1.396263
-1.396263 -1.396263 -1.396263
-1.396263 -1.396263 -1.396263
-1.396263 -1.396263 -1.396263
-1.396263 -1.396263 -1.396263
-1.396263 -1.396263 -1.396263
-1.396263 -1.396263 -1.396263
-1.396263 -1.396263 -1.396263
-1.396263 -1.396263 -1.396263
-1.396263 -1.396263 -1.396263
-1.396263 -1.396263 -1.396263
-1.396263 -1.396263 -1.396263
-1.396263 -1.396263 -1.396263
-1.396263 -1.396263 -1.396263
-1.396263 -1.396263 -1.396263
-1.396263 -1.396263 -1.396263
-1.396263 -1.396263 -1.396263
-1.396263 -1.396263 -1.396263
-1.396263 -1.396263 -1.396263
-1.396263 -1.396263 -1.396263
-1.396263 -1.396263 -1.396263
-1.396263 -1.396263 -1.396263
-1.396263 -1.396263 -1.396263
-1.396263 -1.396263 -1.396263
-1.396263 -1.396263 -1.396263
-1.396263 -1.396263 -1.396263
-1.047198 -1.047198 -1.047198
-1.047198 -1.047198 -1.047198
-1.047198 -1.047198 -1.047198
-1.047198 -1.047198 -1.047198
-1.047198 -1.047198 -1.047198
-1.047198 -1.047198 -1.047198
-1.047198 -1.047198 -1.047198
-1.047198 -1.047198 -1.047198
-1.047198 -1.047198 -1.047198
-1.047198 -1.047198 -1.047198
-1.047198 -1.047198 -1.047198
-1.047198 -1.047198 -1.047198
-1.047198 -1.047198 -1.047198
-1.047198 -1.047198 -1.047198
-1.047198 -1.047198 -1.047198
-1.047198 -1.047198 -1.047198
-1.047198 -1.047198 -1.047198
-1.047198 -1.047198 -1.047198
-1.047198 -1.047198 -1.047198
-1.047198 -1.047198 -1.047198
-1.047198 -1.047198 -1.047198
-1.047198 -1.047198 -1.047198
-1.047198 -1.047198 -1.047198
-1.047198 -1.047198 -1.047198
-1.047198 -1.047198 -1.047198
-1.047198 -1.047198 -1.047198
-1.047198 -1.047198 -1.047198
-1.047198 -1.047198 -1.047198
-0.698132 -0.698132 -0.698132
-0.698132 -0.698132 -0.698132
-0.698132 -0.698132 -0.698132
-0.698132 -0.698132 -0.698132
-0.698132 -0.698132 -0.698132
-0.698132 -0.698132 -0.698132
-0.698132 -0.698132 -0.698132
-0.698132 -0.698132 -0.698132
-0.698132 -0.698132 -0.698132
-0.698132 -0.698132 -0.698132
-0.698132 -0.698132 -0.698132
-0.698132 -0.698132 -0.698132
-0.698132 -0.698132 -0.698132
-0.698132 -0.698132 -0.698132
-0.698132 -0.698132 -0.698132
-0.698132 -0.698132 -0.698132
-0.698132 -0.698132 -0.698132
-0.698132 -0.698132 -0.698132
-0.698132 -0.698132 -0.698132
-0.698132 -0.698132 -0.698132
-0.698132 -0.698132 -0.698132
-0.698132 -0.698132 -0.698132
-0.698132 -0.698132 -0.698132
-0.698132 -0.698132 -0.698132
-0.698132 -0.698132 -0.698132
-0.698132 -0.349066 -0.349066
-0.349066 -0.349066 -0.349066
-0.349066 -0.349066 -0.349066
-0.349066 -0.349066 -0.349066
-0.349066 -0.349066 -0.349066
-0.349066 -0.349066 -0.349066
-0.349066 -0.349066 -0.349066
-0.349066 -0.349066 -0.349066
-0.349066 -0.349066 -0.349066
-0.349066 -0.349066 -0.349066
-0.349066 -0.349066 -0.349066
-0.349066 -0.349066 -0.349066
-0.349066 -0.349066 -0.349066
-0.349066 -0.349066 -0.349066
-0.349066 -0.349066 -0.349066
-0.349066 -0.349066 -0.349066
-0.349066 -0.349066 -0.349066
-0.349066 -0.349066 -0.349066
-0.349066 -0.349066 -0.349066
-0.349066 -0.349066 -0.349066
-0.349066 -0.349066 -0.349066
-0.349066 -0.349066 -0.349066
-0.349066 -0.349066 -0.349066
-0.349066 -0.349066 -0.349066
0.000000 0.000000 0.000000
0.000000 0.000000 0.000000
0.000000 0.000000 0.000000
0.000000 0.000000 0.000000
0.000000 0.000000 0.000000
0.000000 0.000000 0.000000
0.000000 0.000000 0.000000
0.000000 0.000000 0.000000
0.000000 0.000000 0.000000
0.000000 0.000000 0.000000
0.000000 0.000000 0.000000
0.000000 0.000000 0.000000
0.000000 0.000000 0.000000
0.000000 0.000000 0.000000
0.000000 0.000000 0.000000
0.000000 0.000000 0.000000
0.000000 0.000000 0.000000
0.000000 0.000000 0.000000
0.000000 0.000000 0.000000
0.000000 0.000000 0.000000
0.000000 0.000000 0.349066
0.349066 0.349066 0.349066
0.349066 0.349066 0.349066
0.349066 0.349066 0.349066
0.349066 0.349066 0.349066
0.349066 0.349066 0.349066
0.349066 0.349066 0.349066
0.349066 0.349066 0.349066
0.349066 0.349066 0.349066
0.349066 0.349066 0.349066
0.349066 0.349066 0.349066
0.349066 0.349066 0.349066
0.349066 0.349066 0.349066
0.349066 0.349066 0.349066
0.349066 0.349066 0.349066
0.349066 0.349066 0.349066
0.349066 0.698132 0.698132
0.698132 0.698132 0.698132
0.698132 0.698132 0.698132
0.698132 0.698132 0.698132
0.698132 0.698132 0.698132
0.698132 0.698132 0.698132
0.698132 0.698132 0.698132
0.698132 0.698132 0.698132
0.698132 0.698132 0.698132
0.698132 0.698132 0.698132
0.698132 0.698132 0.698132
0.698132 0.698132 0.698132
0.698132 0.698132 0.698132
0.698132 0.698132 0.698132
0.698132 0.698132 0.698132
0.698132 0.698132 0.698132
0.698132 0.698132 0.698132
0.698132 0.698132 0.698132
0.698132 0.698132 0.698132
0.698132 0.698132 0.698132
0.698132 0.698132 0.698132
0.698132 0.698132 0.698132
0.698132 0.698132 0.698132
0.698132 0.698132 0.698132
0.698132 0.698132 0.698132
0.698132 0.698132 0.698132
0.698132 0.698132 0.698132
0.698132 0.698132 0.698132
0.698132 0.698132 0.698132
0.698132 1.047198 1.047198
1.047198 1.047198 1.047198
1.047198 1.047198 1.047198
1.047198 1.047198 1.047198
1.047198 1.047198 1.047198
1.047198 1.047198 1.047198
1.047198 1.047198 1.047198
1.047198 1.047198 1.047198
1.047198 1.047198 1.047198
1.047198 1.047198 1.047198
1.047198 1.047198 1.047198
1.047198 1.047198 1.047198
1.047198 1.047198 1.047198
1.047198 1.047198 1.047198
1.047198 1.047198 1.047198
1.047198 1.047198 1.047198
1.047198 1.047198 1.047198
1.047198 1.047198 1.047198
1.047198 1.047198 1.047198
1.047198 1.047198 1.047198
1.047198 1.047198 1.047198
1.047198 1.047198 1.047198
1.047198 1.047198 1.047198
1.047198 1.047198 1.047198
1.047198 1.047198 1.047198
1.047198 1.047198 1.047198
1.047198 1.047198 1.047198
1.047198 1.047198 1.396263
1.396263 1.396263 1.396263
1.396263 1.396263 1.396263
1.396263 1.396263 1.396263
1.396263 1.396263 1.396263
1.396263 1.396263 1.396263
1.396263 1.396263 1.396263
1.396263 1.396263 1.396263
1.396263 1.396263 1.396263
1.396263 1.396263 1.396263
1.396263 1.396263 1.396263
1.396263 1.396263 1.396263
1.396263 1.396263 1.396263
1.396263 1.396263 1.396263
1.396263 1.396263 1.396263
1.396263 1.396263 1.396263
1.396263 1.396263 1.396263
1.396263 1.396263 1.396263
1.396263 1.396263 1.396263
1.396263 1.396263 1.396263
1.396263 1.396263 1.396263
1.396263 1.396263 1.396263
1.396263 1.396263 1.396263
1.396263 1.396263 1.396263
1.396263 1.396263 1.396263
1.396263 1.396263 1.396263
1.396263 1.396263 1.396263
1.396263 1.396263 1.396263
1.396263 1.396263 1.396263
1.396263 1.745329 1.745329
1.745329 1.745329 1.745329
1.745329 1.745329 1.745329
1.745329 1.745329 1.745329
1.745329 1.745329 1.745329
1.745329 1.745329 1.745329
1.745329 1.745329 1.745329
1.745329 1.745329 1.745329
1.745329 1.745329 1.745329
1.745329 1.745329 1.745329
1.745329 1.745329 1.745329
1.745329 1.745329 1.745329
1.745329 1.745329 1.745329
1.745329 1.745329 1.745329
1.745329 1.745329 1.745329
1.745329 1.745329 1.745329
1.745329 1.745329 1.745329
1.745329 1.745329 1.745329
1.745329 1.745329 1.745329
1.745329 1.745329 1.745329
1.745329 1.745329 1.745329
1.745329 1.745329 1.745329
1.745329 1.745329 1.745329
1.745329 1.745329 1.745329
1.745329 1.745329 1.745329
1.745329 1.745329 1.745329
1.745329 1.745329 1.745329
1.745329 1.745329 1.745329
1.745329 1.745329 1.745329
1.745329 1.745329 1.745329
2.094395 2.094395 2.094395
2.094395 2.094395 2.094395
2.094395 2.094395 2.094395
2.094395 2.094395 2.094395
2.094395 2.094395 2.094395
2.094395 2.094395 2.094395
2.094395 2.094395 2.094395
2.094395 2.094395 2.094395
2.094395 2.094395 2.094395
2.094395 2.094395 2.094395
2.094395 2.094395 2.094395
2.094395 2.094395 2.094395
2.094395 2.094395 2.094395
2.094395 2.094395 2.094395
2.094395 2.094395 2.094395
2.094395 2.094395 2.094395
2.094395 2.094395 2.094395
2.094395 2.094395 2.094395
2.094395 2.094395 2.094395
2.094395 2.094395 2.094395
2.094395 2.094395 2.094395
2.094395 2.094395 2.094395
2.094395 2.094395 2.094395
2.094395 2.094395 2.094395
2.094395 2.094395 2.094395
2.094395 2.094395 2.094395
2.094395 2.094395 2.094395
2.094395 2.094395 2.094395
2.094395 2.094395 2.094395
2.094395 2.094395 2.094395
2.443461 2.443461 2.443461
2.443461 2.443461 2.443461
2.443461 2.443461 2.443461
2.443461 2.443461 2.443461
2.443461 2.443461 2.443461
2.443461 2.443461 2.443461
2.443461 2.443461 2.443461
2.443461 2.443461 2.443461
2.443461 2.443461 2.443461
2.443461 2.443461 2.443461
2.443461 2.443461 2.443461
2.443461 2.443461 2.443461
2.443461 2.443461 2.443461
2.443461 2.443461 2.443461
2.443461 2.443461 2.443461
2.443461 2.443461 2.443461
2.443461 2.443461 2.443461
2.443461 2.443461 2.443461
2.443461 2.443461 2.443461
2.443461 2.443461 2.443461
2.443461 2.443461 2.443461
2.443461 2.443461 2.443461
2.443461 2.443461 2.443461
2.443461 2.443461 2.443461
2.443461 2.443461 2.443461
2.443461 2.443461 2.443461
2.443461 2.443461 2.443461
2.443461 2.443461 2.443461
2.443461 2.443461 2.443461
2.443461 2.443461 2.443461
2.443461 2.792527 2.792527
2.792527 2.792527 2.792527
2.792527 2.792527 2.792527
2.792527 2.792527 2.792527
2.792527 2.792527 2.792527
2.792527 2.792527 2.792527
2.792527 2.792527 2.792527
2.792527 2.792527 2.792527
2.792527 2.792527 2.792527
2.792527 2.792527 2.792527
2.792527 2.792527 2.792527
2.792527 2.792527 2.792527
2.792527 2.792527 2.792527
2.792527 2.792527 2.792527
2.792527 2.792527 2.792527
2.792527 2.792527 2.792527
2.792527 2.792527 2.792527
2.792527 2.792527 2.792527
2.792527 2.792527 2.792527
2.792527 2.792527 2.792527
2.792527 2.792527 2.792527
2.792527 2.792527 2.792527
2.792527 2.792527 2.792527
2.792527 2.792527 2.792527
2.792527 2.792527 2.792527
2.792527 2.792527 2.792527
2.792527 2.792527 2.792527
2.792527 2.792527 2.792527
2.792527 2.792527 2.792527
2.792527 2.792527 2.792527
2.792527 2.792527 2.792527
3.141593 3.141593 3.141593
3.141593 3.141593 3.141593
3.141593 3.141593 3.141593
3.141593 3.141593 3.141593
3.141593 3.141593 3.141593
3.141593 3.141593 3.141593
3.141593 3.141593 3.141593
3.141593 3.141593 3.141593
3.141593 3.141593 3.141593
3.141593 3.141593 3.141593
3.141593 3.141593 3.141593
3.141593 3.141593 3.141593
3.141593 3.141593 3.141593
3.141593 3.141593 3.141593
3.141593 3.141593 3.141593
3.141593 3.141593 3.141593
3.141593 3.141593 3.141593
3.141593 3.141593 3.141593
3.141593 3.141593 3.141593
3.141593 3.141593 3.141593
3.141593 3.141593 3.141593
3.141593 3.141593 3.141593
3.141593 3.141593 3.141593
3.141593 3.141593 3.141593
3.141593 3.141593 3.141593
3.141593 3.141593 3.141593
3.141593 3.141593 3.141593
3.141593 3.141593 3.141593
3.141593 3.141593 3.141593
3.141593 3.141593 3.141593
3.141593 3.490659 3.141593
3.141593 3.141585 3.141530
3.140761 3.124829 2.772835
1.538998 -0.096423 -2.302260
-4.376034 -5.110344 -4.489624
-3.137537 -2.163057 -2.199033
-2.695250 -3.464608 -3.718667
-3.603648 -3.287226 -2.894413
-2.809204 -2.901767 -3.097033
-3.308362 -3.329199 -3.265869
-3.146056 -3.046673 -3.032997
-3.069100 -3.137582 -3.195909
-3.204416 -3.183774 -3.144450
-3.110408 -3.105269 -3.117115
-3.139752 -3.159540 -3.162585
-3.155769 -3.142720 -3.131249
-3.129464 -3.133392 -3.140921
-3.148315 -3.148175 -3.145226
-3.140515 -3.137724 -3.138049
-3.139924 -3.142727 -3.143916
-3.143543 -3.142357 -3.140751
-3.140230 -3.140529 -3.141267
-3.142176 -3.142381 -3.142164
-3.141708 -3.141203 -3.141144
-3.141292 -3.141573 -3.141816
-3.141852 -3.141767 -3.141605
-3.141464 -3.141443 -3.141491
-3.141585 -3.141667 -3.141674
-3.141632 -3.141573 -3.141543
-3.141554 -3.141588 -3.141620
-3.141614 -3.141593 -3.141576
-3.141584 -3.141598 -3.141602
-3.141594 -3.141587 -3.141591
-3.141596 -3.141594 -3.141591
-3.141592 -3.141594 -3.141593
-3.141592 -3.141593 -3.141593
-3.141592 -3.141593 -3.141593
-3.141593 -3.141593 -3.141593
-3.141593 -3.141593 -3.130557
-3.101386 -3.014781 -2.946022
-2.946294 -2.975460 -3.023884
-3.054504 -3.054485 -3.037880
-3.010134 -2.991966 -2.992183
-3.002038 -3.018135 -3.028091
-3.028070 -3.022556 -3.013315
-3.007120 -3.007603 -3.011263
-3.016679 -3.019404 -3.018869
-3.016654 -3.013471 -3.012243
-3.012730 -3.014117 -3.015932
-3.016454 -3.016081 -3.015222
-3.014202 -3.014013 -3.014277
-3.014807 -3.015367 -3.015404
-3.015230 -3.014903 -3.014644
-3.014612 -3.014711 -3.014896
-3.015051 -3.015072 -3.015016
-3.014910 -3.014820 -3.014812
-3.014858 -3.014924 -3.014959
-3.014949 -3.014912 -3.014875
-3.014876 -3.014899 -3.014921
-3.014917 -3.014902 -3.014893
-3.014901 -3.014909 -3.014908
-3.014902 -3.014901 -3.014905
-3.014905 -3.014902 -3.014903
-3.014904 -3.014903 -3.014903
-3.014904 -3.014903 -3.014904
-3.014904 -3.014904 -3.014904
-3.014904 -3.014903 -3.014904
-3.014904 -3.014904 -3.014904
-3.014904 -3.014904 -3.014903
-2.997473 -2.953878 -2.862309
-2.816065 -2.823983 -2.858942
-2.909625 -2.928727 -2.921022
-2.899256 -2.870784 -2.862591
-2.868427 -2.881896 -2.897899
-2.900770 -2.896636 -2.888364
-2.879660 -2.879144 -2.881879
-2.886969 -2.890921 -2.891389
-2.889863 -2.886994 -2.884630
-2.884303 -2.885163 -2.886795
-2.888182 -2.888388 -2.887900
-2.886969 -2.886163 -2.886038
-2.886316 -2.886849 -2.887316
-2.887389 -2.887230 -2.886925
-2.886656 -2.886613 -2.886704
-2.886879 -2.887034 -2.887059
-2.887006 -2.886906 -2.886817
-2.886808 -2.886852 -2.886916
-2.886949 -2.886939 -2.886903
-2.886868 -2.886871 -2.886893
-2.886913 -2.886907 -2.886893
-2.886887 -2.886896 -2.886902
-2.886898 -2.886893 -2.886894
-2.886898 -2.886897 -2.886895
-2.886896 -2.886897 -2.886896
-2.886896 -2.886896 -2.886896
-2.886896 -2.886896 -2.886896
-2.886896 -2.886896 -2.886896
-2.886896 -2.886896 -2.886896
-2.886896 -2.886896 -2.886896
-2.886896 -2.869618 -2.826270
-2.733142 -2.684566 -2.691459
-2.726293 -2.777995 -2.798122
-2.790903 -2.769376 -2.740621
-2.731842 -2.737376 -2.750641
-2.766781 -2.769921 -2.765949
-2.757846 -2.749112 -2.748458
-2.751104 -2.756068 -2.760018
-2.760533 -2.759061 -2.756278
-2.753953 -2.753614 -2.754439
-2.756012 -2.757360 -2.757568
-2.757103 -2.756212 -2.755436
-2.755312 -2.755575 -2.756082
-2.756527 -2.756599 -2.756449
-2.756161 -2.755907 -2.755865
-2.755950 -2.756114 -2.756259
-2.756283 -2.756235 -2.756141
-2.756059 -2.756050 -2.756091
-2.756150 -2.756180 -2.756169
-2.756136 -2.756105 -2.756111
-2.756132 -2.756148 -2.756139
-2.756126 -2.756123 -2.756131
-2.756137 -2.756132 -2.756129
-2.756130 -2.756133 -2.756132
-2.756130 -2.756131 -2.756132
-2.756131 -2.756132 -2.756131
-2.756131 -2.756132 -2.756131
-2.756132 -2.756131 -2.756132
-2.756131 -2.756132 -2.756131
-2.756132 -2.756131 -2.756132
-2.756131 -2.734864 -2.683087
-2.586934 -2.545681 -2.556252
-2.593934 -2.646933 -2.663803
-2.654792 -2.631979 -2.603261
-2.596559 -2.603046 -2.616968
-2.632717 -2.634309 -2.629863
-2.621421 -2.614371 -2.613307
-2.615775 -2.620499 -2.624535
-2.625177 -2.623805 -2.621164
-2.618865 -2.618486 -2.619253
-2.620736 -2.622039 -2.622257
-2.621827 -2.620994 -2.620258
-2.620133 -2.620375 -2.620843
-2.621258 -2.621329 -2.621194
-2.620930 -2.620696 -2.620656
-2.620732 -2.620880 -2.621012
-2.621035 -2.620990 -2.620906
-2.620833 -2.620826 -2.620864
-2.620917 -2.620942 -2.620929
-2.620898 -2.620874 -2.620884
-2.620904 -2.620912 -2.620903
-2.620892 -2.620892 -2.620899
-2.620903 -2.620898 -2.620896
-2.620899 -2.620900 -2.620898
-2.620898 -2.620899 -2.620898
-2.620898 -2.620899 -2.620898
-2.620899 -2.620898 -2.620899
-2.620898 -2.620899 -2.620898
-2.620899 -2.620898 -2.620899
-2.620898 -2.620899 -2.599525
-2.547255 -2.446591 -2.401535
-2.410925 -2.448945 -2.504294
-2.522479 -2.513979 -2.491307
-2.461941 -2.454614 -2.460784
-2.474480 -2.490458 -2.492195
-2.487895 -2.479666 -2.472737
-2.471626 -2.473977 -2.478512
-2.482401 -2.483051 -2.481766
-2.479274 -2.477098 -2.476722
-2.477428 -2.478805 -2.480016
-2.480229 -2.479840 -2.479080
-2.478407 -2.478287 -2.478502
-2.478922 -2.479295 -2.479362
-2.479244 -2.479011 -2.478804
-2.478767 -2.478833 -2.478961
-2.479076 -2.479091 -2.479041
-2.478963 -2.478917 -2.478923
-2.478961 -2.479006 -2.479012
-2.478990 -2.478964 -2.478963
-2.478978 -2.478990 -2.478984
-2.478975 -2.478974 -2.478980
-2.478982 -2.478979 -2.478978
-2.478980 -2.478980 -2.478979
-2.478979 -2.478979 -2.478979
-2.478979 -2.478979 -2.478979
-2.478979 -2.478979 -2.478979
-2.478979 -2.478979 -2.478979
-2.478979 -2.478979 -2.478979
-2.435619 -2.345388 -2.253213
-2.245405 -2.273631 -2.327099
-2.366201 -2.370991 -2.356487
-2.329031 -2.306692 -2.303263
-2.311001 -2.325902 -2.338212
-2.340136 -2.336034 -2.328111
-2.321376 -2.320224 -2.322415
-2.326688 -2.330364 -2.331010
-2.329840 -2.327548 -2.325546
-2.325182 -2.325809 -2.327045
-2.328132 -2.328333 -2.327996
-2.327331 -2.326741 -2.326630
-2.326812 -2.327171 -2.327490
-2.327550 -2.327453 -2.327259
-2.327086 -2.327053 -2.327106
-2.327211 -2.327304 -2.327318
-2.327276 -2.327212 -2.327178
-2.327187 -2.327221 -2.327253
-2.327248 -2.327228 -2.327213
-2.327222 -2.327233 -2.327235
-2.327227 -2.327224 -2.327228
-2.327230 -2.327227 -2.327227
-2.327228 -2.327228 -2.327227
-2.327228 -2.327228 -2.327228
-2.327228 -2.327230 -2.327229
-2.327227 -2.327227 -2.327228
-2.327228 -2.327228 -2.327228
-2.327228 -2.327228 -2.327228
-2.287299 -2.200285 -2.091263
-2.071283 -2.097320 -2.151029
-2.197290 -2.206277 -2.192926
-2.166189 -2.141763 -2.137495
-2.146661 -2.162157 -2.171838
-2.172271 -2.167321 -2.159005
-2.154607 -2.154820 -2.157498
-2.161981 -2.163953 -2.163644
-2.162125 -2.159782 -2.158947
-2.159224 -2.160094 -2.161315
-2.161612 -2.161393 -2.160890
-2.160352 -2.160211 -2.160332
-2.160599 -2.160873 -2.160941
-2.160875 -2.160734 -2.160594
-2.160564 -2.160612 -2.160696
-2.160751 -2.160752 -2.160716
-2.160668 -2.160657 -2.160677
-2.160703 -2.160706 -2.160692
-2.160681 -2.160687 -2.160695
-2.160694 -2.160689 -2.160689
-2.160692 -2.160691 -2.160690
-2.160691 -2.160691 -2.160691
-2.160691 -2.160691 -2.160691
-2.160691 -2.160691 -2.160691
-2.160691 -2.160691 -2.160691
-2.160691 -2.108107 -1.999968
-1.883328 -1.874844 -1.908760
-1.973907 -2.011484 -2.014829
-1.997039 -1.966523 -1.949185
-1.948698 -1.957933 -1.973990
-1.981227 -1.980650 -1.975895
-1.967932 -1.964904 -1.965548
-1.968151 -1.972158 -1.973174
-1.972587 -1.971122 -1.969510
-1.969049 -1.969492 -1.970311
-1.970942 -1.971053 -1.970810
-1.970384 -1.970116 -1.970091
-1.970217 -1.970435 -1.970551
-1.970552 -1.970481 -1.970373
-1.970323 -1.970343 -1.970394
-1.970437 -1.970437 -1.970412
-1.970386 -1.970388 -1.970404
-1.970412 -1.970406 -1.970399
-1.970401 -1.970405 -1.970404
-1.970402 -1.970403 -1.970403
-1.970402 -1.970403 -1.970403
-1.970403 -1.970403 -1.970403
-1.970403 -1.970403 -1.970403
-1.970403 -1.970403 -1.970403
-1.892101 -1.746665 -1.643084
-1.626357 -1.668566 -1.751303
-1.783306 -1.775051 -1.751739
-1.723674 -1.714580 -1.720793
-1.733454 -1.742934 -1.745346
-1.742394 -1.736706 -1.732763
-1.731939 -1.733342 -1.735973
-1.737736 -1.737693 -1.736964
-1.735589 -1.735226 -1.735359
-1.735761 -1.736224 -1.736387
-1.736293 -1.736092 -1.735921
-1.735871 -1.735918 -1.736016
-1.736085 -1.736097 -1.736064
-1.736014 -1.735999 -1.736015
-1.736038 -1.736041 -1.736030
-1.736023 -1.736027 -1.736031
-1.736030 -1.736028 -1.736029
-1.736029 -1.736029 -1.736029
-1.736029 -1.736029 -1.736029
-1.736029 -1.736029 -1.736029
-1.736029 -1.736029 -1.700839
-1.615069 -1.390890 -1.248257
-1.245902 -1.306670 -1.374135
-1.411554 -1.416406 -1.402401
-1.377849 -1.367261 -1.366824
-1.372069 -1.378905 -1.381962
-1.382018 -1.380446 -1.378336
-1.377410 -1.377407 -1.377902
-1.378542 -1.378824 -1.378823
-1.378667 -1.378471 -1.378387
-1.378390 -1.378455 -1.378515
-1.378524 -1.378504 -1.378483
-1.378481 -1.378490 -1.378493
-1.378491 -1.378490 -1.378491
-1.378490 -1.378491 -1.378491
-1.378491 -1.378491 -1.378491
-1.378491 -1.256076 -0.997224
-0.661454 -0.152155 0.720210
1.986218 2.618229 2.779947
2.629241 2.307660 1.932612
1.796330 1.882693 2.108194
2.289973 2.331674 2.270289
2.165330 2.080577 2.071623
2.109284 2.172969 2.205541
2.204188 2.184727 2.152143
2.136535 2.138343 2.149434
2.167068 2.173586 2.171719
2.165403 2.156360 2.153839
2.155313 2.158965 2.163645
2.164221 2.163127 2.160982
2.159147 2.158851 2.159425
2.160547 2.161508 2.161646
2.161343 2.160754 2.160228
2.160210 2.160400 2.160726
2.160927 2.160933 2.160829
2.160652 2.160562 2.160568
2.160634 2.160724 2.160762
2.160739 2.160691 2.160656
2.160661 2.160686 2.160709
2.160703 2.160687 2.160681
2.160688 2.160696 2.160693
2.160688 2.160689 2.160692
2.160691 2.160690 2.160691
2.160691 2.160690 2.160691
2.160691 2.160691 2.160691
2.160691 2.192071 2.265564
2.394186 2.414431 2.390249
2.340389 2.284767 2.280646
2.296676 2.326980 2.349746
2.352277 2.343881 2.328009
2.315363 2.313553 2.318016
2.326562 2.333551 2.334614
2.332248 2.327693 2.323861
2.323223 2.324484 2.326934
2.329029 2.329392 2.328719
2.327405 2.326262 2.326057
2.326417 2.327125 2.327746
2.327860 2.327667 2.327286
2.326949 2.326886 2.326990
2.327195 2.327378 2.327412
2.327356 2.327246 2.327147
2.327132 2.327176 2.327244
2.327280 2.327272 2.327237
2.327202 2.327204 2.327225
2.327243 2.327236 2.327223
2.327220 2.327228 2.327232
2.327228 2.327225 2.327228
2.327229 2.327227 2.327227
2.327228 2.327228 2.327228
2.327228 2.327228 2.327227
2.327228 2.327228 2.327228
2.327228 2.327228 2.327228
2.327228 2.327228 2.359979
2.434635 2.544366 2.560809
2.536745 2.488618 2.437223
2.434589 2.450435 2.479931
2.501650 2.503546 2.495076
2.479193 2.466826 2.465208
2.469797 2.478503 2.485576
2.486618 2.484137 2.479390
2.475381 2.474735 2.476089
2.478703 2.480952 2.481330
2.480589 2.479151 2.477894
2.477676 2.478084 2.478878
2.479577 2.479701 2.479476
2.479038 2.478649 2.478580
2.478704 2.478946 2.479162
2.479200 2.479132 2.478998
2.478878 2.478862 2.478914
2.478995 2.479043 2.479039
2.479000 2.478953 2.478944
2.478966 2.478994 2.478999
2.478986 2.478970 2.478969
2.478979 2.478986 2.478980
2.478976 2.478979 2.478981
2.478979 2.478978 2.478980
2.478979 2.478979 2.478979
2.478979 2.478979 2.478979
2.478979 2.478979 2.478979
2.478979 2.478979 2.478979
2.478979 2.478979 2.478979
2.478979 2.492945 2.529314
2.631744 2.692166 2.697104
2.670476 2.620910 2.582082
2.577156 2.591907 2.619792
2.642337 2.645508 2.637430
2.622059 2.609001 2.606965
2.611465 2.620107 2.627542
2.628742 2.626237 2.621408
2.617179 2.616475 2.617878
2.620595 2.622986 2.623389
2.622602 2.621077 2.619726
2.619496 2.619938 2.620796
2.621558 2.621688 2.621440
2.620957 2.620527 2.620454
2.620594 2.620865 2.621107
2.621149 2.621070 2.620917
2.620781 2.620758 2.620803
2.620889 2.620965 2.620974
2.620935 2.620880 2.620854
2.620866 2.620897 2.620923
2.620914 2.620894 2.620884
2.620893 2.620904 2.620905
2.620898 2.620894 2.620898
2.620901 2.620898 2.620897
2.620899 2.620899 2.620898
2.620899 2.620898 2.620898
2.620898 2.620898 2.620898
2.620899 2.620898 2.620899
2.620898 2.620898 2.620899
2.620898 2.620899 2.620898
2.649456 2.715199 2.810730
2.832358 2.812379 2.769245
2.720044 2.712945 2.726600
2.753150 2.776712 2.780642
2.772874 2.757852 2.744394
2.742143 2.746586 2.755185
2.762823 2.764090 2.761562
2.756673 2.752318 2.751595
2.753037 2.755826 2.758304
2.758715 2.757893 2.756306
2.754894 2.754659 2.755128
2.756033 2.756837 2.756970
2.756703 2.756188 2.755730
2.755654 2.755806 2.756099
2.756360 2.756404 2.756317
2.756150 2.756001 2.755976
2.756026 2.756121 2.756206
2.756215 2.756173 2.756113
2.756081 2.756092 2.756127
2.756158 2.756153 2.756132
2.756115 2.756123 2.756136
2.756140 2.756132 2.756126
2.756130 2.756134 2.756133
2.756130 2.756131 2.756132
2.756131 2.756131 2.756132
2.756131 2.756131 2.756132
2.756131 2.756132 2.756131
2.756132 2.756131 2.756132
2.756131 2.756132 2.756131
2.756132 2.756131 2.756131
2.777652 2.829870 2.924892
2.960435 2.947637 2.909773
2.859455 2.844001 2.853848
2.877353 2.905819 2.911433
2.904357 2.889929 2.874398
2.873104 2.877827 2.886702
2.893898 2.894858 2.892202
2.887177 2.882930 2.882309
2.883814 2.886682 2.889155
2.889533 2.888676 2.887037
2.885605 2.885380 2.885870
2.886810 2.887636 2.887767
2.887486 2.886948 2.886472
2.886396 2.886557 2.886866
2.887139 2.887183 2.887091
2.886914 2.886756 2.886731
2.886784 2.886886 2.886976
2.886986 2.886941 2.886877
2.886842 2.886853 2.886888
2.886924 2.886922 2.886900
2.886879 2.886884 2.886899
2.886906 2.886897 2.886890
2.886894 2.886899 2.886898
2.886895 2.886895 2.886897
2.886896 2.886895 2.886896
2.886896 2.886896 2.886896
2.886896 2.886896 2.886896
2.886896 2.886896 2.886896
2.886896 2.886896 2.886896
2.886896 2.886896 2.886896
2.886896 2.896408 2.921921
3.007626 3.080784 3.086354
3.061485 3.015045 2.977950
2.973290 2.987339 3.013825
3.035878 3.038965 3.031003
3.015890 3.002921 3.000991
3.005543 3.014230 3.021778
3.022933 3.020323 3.015330
3.010951 3.010269 3.011770
3.014647 3.017179 3.017577
3.016713 3.015056 3.013592
3.013362 3.013859 3.014815
3.015756 3.015740 3.015366
3.014769 3.014414 3.014417
3.014622 3.014965 3.015188
3.015180 3.015054 3.014855
3.014740 3.014754 3.014834
3.014952 3.015001 3.014986
3.014930 3.014864 3.014848
3.014876 3.014917 3.014937
3.014924 3.014900 3.014885
3.014893 3.014909 3.014914
3.014906 3.014898 3.014900
3.014906 3.014906 3.014902
3.014903 3.014905 3.014904
3.014903 3.014904 3.014904
3.014903 3.014904 3.014903
3.014904 3.014904 3.014904
3.014903 3.014904 3.014903
3.014904 3.014904 3.014904
3.014903 3.014904 3.014904
3.038647 3.094859 3.184850
3.214378 3.199120 3.160119
3.111254 3.099376 3.110610
3.134750 3.161988 3.165670
3.157944 3.143060 3.128331
3.128455 3.134177 3.143482
3.149243 3.149213 3.145999
3.140636 3.137094 3.137324
3.139401 3.142539 3.144192
3.143913 3.142643 3.140791
3.140048 3.140318 3.141116
3.142175 3.142496 3.142286
3.141790 3.141193 3.141072
3.141222 3.141528 3.141858
3.141887 3.141787 3.141598
3.141443 3.141422 3.141479
3.141587 3.141678 3.141686
3.141639 3.141572 3.141536
3.141546 3.141583 3.141621
3.141621 3.141598 3.141575
3.141579 3.141594 3.141604
3.141596 3.141587 3.141588
3.141594 3.141596 3.141592
3.141591 3.141594 3.141593
3.141592 3.141593 3.141593
3.141592 3.141593 3.141593
3.141593 3.141593 3.141593
3.141592 3.141593 3.141593
3.141593 3.141593 3.141593
3.141593 3.141593 3.141593
3.141593 -307.876080 -307.876080
-307.875037 -307.866966 -307.755421
-305.444685 -255.188725 -133.357485
-158.459457 -112.600028 151.145933
185.003812 159.720444 -0.588158
-127.630754 -123.888066 -63.328335
46.313514 80.673618 65.454219
21.073212 -35.609990 -47.625089
-34.564145 -6.461462 24.114107
27.104899 17.994344 0.647425
-13.753481 -15.730266 -10.508227
-0.581692 7.875488 9.107942
6.116824 0.414462 -4.522550
-5.267569 -3.549952 -0.266934
2.602920 3.044601 2.056136
0.163442 -1.500282 -1.759158
-1.189469 -0.097442 0.975021
0.954697 0.526911 -0.156252
-0.561160 -0.513997 -0.242017
0.164457 0.337036 0.282897
0.110930 -0.122018 -0.197705
-0.154279 -0.047241 0.084611
0.114392 0.082880 0.016692
-0.056558 -0.065012 -0.043579
-0.002779 0.032360 0.037616
0.025325 0.001859 -0.018607
-0.021744 -0.014678 -0.001154
0.010720 0.011843 0.005755
-0.002896 -0.007246 -0.005557
-0.000604 0.003967 0.003166
0.000033 -0.002424 -0.001277
0.000723 0.001343 0.000181
-0.000785 -0.000240 0.000423
0.000242 -0.000223 -0.000128
0.000147 0.000021 -0.000086
0.000038 0.000015 -0.000026
0.000023 -0.000017 0.000013
-0.000012 0.000014 -0.000017
17.104214 15.503590 11.273700
-1.255911 -11.141817 -11.102924
-6.918330 0.057821 4.483399
4.480698 2.079592 -1.926184
-4.544060 -4.512759 -3.093291
-0.771935 0.665322 0.662286
-0.133914 -1.467339 -2.360783
-2.291159 -1.763376 -0.982073
-0.588850 -0.666079 -0.985682
-1.444934 -1.622056 -1.551780
-1.351776 -1.089905 -1.014513
-1.068335 -1.192319 -1.339422
-1.366717 -1.328659 -1.252188
-1.171427 -1.166017 -1.191200
-1.238289 -1.275620 -1.280245
-1.266051 -1.239316 -1.217029
-1.213910 -1.221964 -1.237252
-1.250347 -1.251467 -1.244801
-1.235241 -1.230202 -1.231706
-1.236993 -1.242347 -1.242171
-1.238909 -1.235755 -1.236323
-1.238520 -1.239779 -1.238581
-1.237419 -1.237646 -1.238515
-1.238590 -1.238030 -1.238081
-1.238394 -1.238271 -1.238136
-1.238264 -1.238266 -1.238200
-1.238264 -1.238214 -1.238247
-1.238226 -1.238246 -1.238213
-1.238263 -1.238213 -1.238245
-1.238229 -1.238244 -1.238186
-1.238240 15.865964 13.353216
7.087966 -5.951527 -12.456788
-11.347377 -6.427134 0.763190
3.488416 2.388178 -0.712972
-4.752857 -5.911720 -5.086496
-3.178539 -0.905952 -0.497623
-1.085473 -2.260709 -3.495542
-3.568721 -3.181006 -2.458836
-1.897589 -1.831092 -2.047827
-2.455172 -2.790724 -2.837097
-2.715077 -2.483534 -2.286545
-2.257295 -2.326560 -2.458729
-2.573243 -2.590896 -2.551412
-2.475773 -2.409570 -2.399159
-2.421741 -2.465089 -2.503247
-2.509314 -2.496379 -2.471517
-2.449560 -2.446048 -2.453466
-2.467732 -2.480354 -2.481646
-2.475396 -2.466358 -2.461597
-2.463088 -2.468120 -2.473073
-2.472671 -2.469537 -2.466722
-2.467516 -2.469585 -2.470444
-2.469170 -2.468301 -2.468921
-2.469570 -2.469353 -2.468895
-2.469005 -2.469275 -2.469149
-2.469042 -2.469165 -2.469143
-2.469102 -2.469150 -2.469111
-2.469140 -2.469115 -2.469141
-2.469111 -2.469145 -2.469111
-2.469142 -2.469114 -2.469141
-2.469112 -2.469144 14.635086
12.186352 6.077659 -6.847356
-13.462350 -12.529502 -7.785732
-0.659237 2.140415 1.134758
-1.853904 -5.820617 -7.025518
-6.266344 -4.441824 -2.213088
-1.778376 -2.328244 -3.448007
-4.652400 -4.742436 -4.377965
-3.693412 -3.148030 -3.076921
-3.280216 -3.664387 -3.985139
-4.031986 -3.918192 -3.701145
-3.515099 -3.486360 -3.550556
-3.673590 -3.780681 -3.797743
-3.761411 -3.691519 -3.630149
-3.620206 -3.640832 -3.680581
-3.715663 -3.721402 -3.709678
-3.687055 -3.667030 -3.663737
-3.670408 -3.683289 -3.694709
-3.695959 -3.690264 -3.682055
-3.677906 -3.679461 -3.684105
-3.688357 -3.687526 -3.684606
-3.682448 -3.683645 -3.685443
-3.685823 -3.684722 -3.683953
-3.684524 -3.685061 -3.684817
-3.684451 -3.684598 -3.684798
-3.684667 -3.684602 -3.684720
-3.684648 -3.684666 -3.684676
-3.684657 -3.684679 -3.684654
-3.684683 -3.684653 -3.684683
-3.684654 -3.684683 -3.684654
-3.684683 -3.684654 13.419553
10.493165 3.442062 -9.341090
-14.686523 -13.325306 -8.425360
-1.414725 0.844346 -0.363886
-3.406258 -7.201467 -8.081358
-7.229772 -5.395005 -3.308286
-3.096699 -3.687279 -4.806141
-5.737977 -5.878383 -5.552616
-4.928207 -4.393829 -4.308792
-4.490570 -4.840156 -5.144324
-5.194411 -5.092947 -4.896756
-4.724402 -4.695500 -4.752416
-4.862643 -4.960061 -4.976584
-4.944642 -4.882658 -4.827686
-4.818303 -4.836261 -4.871131
-4.902123 -4.907434 -4.897336
-4.877713 -4.860250 -4.857278
-4.863174 -4.874293 -4.883930
-4.884945 -4.879927 -4.872826
-4.869576 -4.871246 -4.875355
-4.878568 -4.877171 -4.874630
-4.873514 -4.874712 -4.876142
-4.876153 -4.875203 -4.874784
-4.875373 -4.875640 -4.875269
-4.875175 -4.875408 -4.875359
-4.875272 -4.875355 -4.875334
-4.875316 -4.875341 -4.875317
-4.875341 -4.875315 -4.875342
-4.875315 -4.875342 -4.875315
-4.875341 -4.875316 -4.875340
12.228912 9.411937 2.620081
-10.036685 -15.504379 -14.375523
-9.747498 -2.852883 -0.548760
-1.628043 -4.486829 -8.145029
-9.049762 -8.288089 -6.589317
-4.593316 -4.375330 -4.914507
-5.943051 -6.806078 -6.944159
-6.651856 -6.087024 -5.601673
-5.520473 -5.680999 -5.991977
-6.263234 -6.310109 -6.222082
-6.050519 -5.899439 -5.872870
-5.921402 -6.016148 -6.100102
-6.115044 -6.088283 -6.035916
-5.989333 -5.980984 -5.995770
-6.024727 -6.050550 -6.055200
-6.047029 -6.031012 -6.016705
-6.014798 -6.021079 -6.030757
-6.036469 -6.035794 -6.030998
-6.025431 -6.024629 -6.027393
-6.030643 -6.030794 -6.028886
-6.027392 -6.028162 -6.029301
-6.029382 -6.028649 -6.028378
-6.028837 -6.028954 -6.028673
-6.028698 -6.028829 -6.028740
-6.028739 -6.028779 -6.028738
-6.028777 -6.028741 -6.028773
-6.028744 -6.028771 -6.028745
-6.028771 -6.028745 -6.028771
-6.028746 11.075458 5.724319
-5.029046 -15.437188 -16.290399
-13.184496 -7.142276 -2.596469
-2.032376 -3.735536 -6.920124
-9.472515 -9.861190 -8.982929
-7.279769 -5.860928 -5.638300
-6.112752 -7.025950 -7.798716
-7.930565 -7.679687 -7.189482
-6.766733 -6.692320 -6.827059
-7.090626 -7.320622 -7.362407
-7.290350 -7.148466 -7.023487
-7.000395 -7.039149 -7.115598
-7.183367 -7.196062 -7.175228
-7.134008 -7.097299 -7.090364
-7.101589 -7.123825 -7.143690
-7.147467 -7.141418 -7.129419
-7.118675 -7.117074 -7.121899
-7.129271 -7.133157 -7.132108
-7.128224 -7.124486 -7.125066
-7.127427 -7.129148 -7.128139
-7.126785 -7.126651 -7.127476
-7.127925 -7.127445 -7.127179
-7.127475 -7.127565 -7.127381
-7.127421 -7.127480 -7.127418
-7.127444 -7.127442 -7.127446
-7.127220 -7.127296 -7.127568
-7.127484 -7.127363 -7.127459
-7.127465 -7.127418 -7.127462
-7.127424 9.976779 5.444710
-4.026346 -15.059595 -16.976215
-14.472033 -9.129614 -4.342111
-3.392566 -4.800941 -7.579405
-10.068137 -10.498012 -9.572950
-7.993492 -6.997132 -6.952400
-7.462910 -8.316290 -8.765396
-8.743703 -8.470351 -8.011529
-7.809213 -7.840964 -7.996846
-8.236792 -8.322250 -8.293904
-8.204883 -8.079861 -8.049431
-8.071800 -8.123413 -8.178509
-8.192940 -8.180575 -8.153176
-8.125173 -8.118201 -8.124902
-8.139364 -8.153694 -8.156763
-8.151809 -8.143248 -8.137580
-8.137466 -8.141230 -8.146077
-8.147224 -8.145159 -8.142496
-8.142213 -8.143641 -8.144765
-8.144174 -8.143388 -8.143433
-8.143928 -8.143942 -8.143676
-8.143749 -8.143865 -8.143781
-8.143773 -8.143814 -8.143777
-8.143809 -8.143783 -8.143805
-8.143785 -8.143803 -8.143787
-8.143798 -8.143801 8.960494
3.686203 -6.436024 -16.208835
-16.871750 -14.182189 -8.724743
-5.405742 -5.104293 -6.696232
-9.362285 -10.840434 -10.881548
-10.097961 -8.717554 -8.087868
-8.138259 -8.552208 -9.241052
-9.501453 -9.446099 -9.222142
-8.876183 -8.788265 -8.839089
-8.965735 -9.104945 -9.144761
-9.106565 -9.035807 -8.981358
-8.971718 -8.992723 -9.029549
-9.052706 -9.054859 -9.043974
-9.025160 -9.015089 -9.014980
-9.021132 -9.030479 -9.034786
-9.033076 -9.028633 -9.024974
-9.024913 -9.027074 -9.029389
-9.029142 -9.027835 -9.027083
-9.027597 -9.028239 -9.028068
-9.027731 -9.027806 -9.027986
-9.027919 -9.027854 -9.027928
-9.027890 -9.027900 -9.027898
-9.027909 -9.027891 -9.027905
-9.027892 -9.027908 -9.027889
-9.027909 8.076326 1.587851
-8.971976 -15.278057 -16.200303
-13.821584 -8.665791 -6.497571
-7.066046 -8.636866 -10.459884
-11.034517 -10.642790 -9.833081
-9.216822 -9.058712 -9.252153
-9.622629 -9.877623 -9.930752
-9.840266 -9.670137 -9.555795
-9.558582 -9.605882 -9.695032
-9.718545 -9.709910 -9.683908
-9.653916 -9.643311 -9.649404
-9.662465 -9.673501 -9.676733
-9.673728 -9.667372 -9.662925
-9.662139 -9.664241 -9.667491
-9.668486 -9.667457 -9.665942
-9.665778 -9.666464 -9.666910
-9.666644 -9.666363 -9.666491
-9.666597 -9.666512 -9.666509
-9.666538 -9.666517 -9.666529
-9.666520 -9.666530 -9.666525
-9.666493 -9.666523 -9.666537
7.437699 5.216293 0.296694
-9.232128 -12.818736 -12.862193
-11.578367 -9.751942 -8.554505
-8.389518 -8.859623 -9.638979
-9.957528 -9.970443 -9.814180
-9.606644 -9.512402 -9.510652
-9.559254 -9.624083 -9.652418
-9.652503 -9.637364 -9.617785
-9.609119 -9.609142 -9.613956
-9.619958 -9.622535 -9.622442
-9.620440 -9.618592 -9.618333
-9.618951 -9.619576 -9.619633
-9.619374 -9.619265 -9.619348
-9.619371 -9.619343 -9.619352
-9.619347 -9.619349 -9.619348
-9.619349 -9.619348 7.484878
4.433370 2.401916 7.625693
27.107389 62.260639 24.755221
-46.084260 -68.028726 -47.542897
-7.741657 29.332397 39.796037
33.362842 13.409494 -5.744659
-10.488403 -3.548858 7.667757
16.088860 16.943827 13.302501
6.880186 3.470555 3.613874
5.658975 9.016411 10.594521
10.412689 9.291718 7.488981
6.816369 7.009372 7.660218
8.586664 8.843723 8.693460
8.320387 7.840843 7.781686
7.893987 8.113920 8.301855
8.332070 8.273390 8.158548
8.060080 8.045921 8.077018
8.137324 8.191177 8.193042
8.173602 8.140144 8.119623
8.118954 8.129675 8.147719
8.156938 8.156339 8.149638
8.140340 8.136496 8.138835
8.143753 8.147324 8.146859
8.144241 8.141874 8.142567
8.144151 8.144803 8.144038
8.143297 8.143596 8.144037
8.143932 8.143669 8.143745
8.143868 8.143784 8.143769
8.143816 8.143777 8.143807
8.143784 8.143804 25.248010
21.994856 14.078237 -0.720247
-3.151699 -0.250575 5.609022
11.942977 12.403565 10.605437
7.155938 4.522219 4.227156
5.204116 7.037689 8.485929
8.692337 8.183075 7.203930
6.399377 6.276784 6.549599
7.074010 7.513880 7.587054
7.442512 7.161242 6.920364
6.878569 6.955950 7.107083
7.238328 7.261913 7.220532
7.139214 7.067838 7.054741
7.076967 7.120767 7.159497
7.166716 7.154771 7.131161
7.110172 7.106220 7.112652
7.125386 7.136748 7.138422
7.133377 7.125619 7.121423
7.122375 7.126387 7.130449
7.130124 7.127707 7.125660
7.126449 7.127933 7.128316
7.127365 7.126925 7.127407
7.127721 7.127420 7.127301
7.127497 7.127474 7.127397
7.127462 7.127440 7.127437
7.127436 7.127477 7.127445
7.127421 7.127458 7.127422
7.127456 7.127425 7.127453
24.231657 20.430920 11.500006
-2.248796 -4.367545 -1.271686
4.823858 11.184020 11.505603
9.564345 5.910059 3.186291
2.947235 4.013632 6.002073
7.540096 7.740649 7.171395
6.088186 5.204704 5.074364
5.384735 5.977545 6.477094
6.557535 6.388945 6.063178
5.782585 5.735376 5.827884
6.007302 6.164043 6.191204
6.140416 6.041419 5.954152
5.938774 5.966771 6.021450
6.069932 6.078570 6.063126
6.032902 6.006005 6.001181
6.009714 6.026428 6.041336
6.043315 6.036833 6.026798
6.020771 6.021324 6.026208
6.032042 6.033144 6.030375
6.026945 6.026271 6.027950
6.029906 6.029980 6.028771
6.027965 6.028592 6.029176
6.028824 6.028518 6.028794
6.028876 6.028696 6.028745
6.028795 6.028732 6.028768
6.028755 6.028763 6.028727
6.028767 6.028763 6.028754
6.028735 6.028811 6.028746
6.028722 6.028794 23.132988
21.385450 16.782225 3.437489
-4.670514 -5.340131 -1.741386
4.873750 9.974370 10.616080
8.690843 5.021694 2.027885
1.604879 2.681587 4.721785
6.446099 6.714217 6.121411
4.980047 3.995306 3.836066
4.168255 4.807843 5.367150
5.460163 5.274705 4.915500
4.599019 4.545661 4.649852
4.851737 5.030484 5.060903
5.002420 4.888864 4.788050
4.770810 4.803707 4.867598
4.924420 4.934169 4.915668
4.879710 4.847699 4.842198
4.852610 4.872849 4.890878
4.893966 4.887990 4.876556
4.866512 4.865380 4.870481
4.877781 4.881246 4.879643
4.875457 4.872015 4.873258
4.875867 4.877214 4.876098
4.874576 4.874415 4.875375
4.875916 4.875351 4.874996
4.875356 4.875504 4.875259
4.875275 4.875389 4.875285
4.875337 4.875337 4.875320
4.875330 4.875336 4.875314
4.875351 4.875310 4.875327
4.875339 4.875316 4.875342
4.875317 21.979576 18.181931
9.301792 -3.900935 -6.932332
-4.131572 1.872063 8.640282
9.609225 7.743717 4.095932
0.837137 0.291814 1.369313
3.447218 5.301816 5.611342
5.000190 3.815230 2.760515
2.585253 2.934811 3.609877
4.210583 4.310342 4.111500
3.726799 3.384760 3.328038
3.441461 3.660621 3.855462
3.887768 3.823184 3.698318
3.587337 3.568944 3.605752
3.676887 3.740110 3.750588
3.729622 3.689096 3.653080
3.647112 3.659058 3.682145
3.702663 3.706063 3.699258
3.686105 3.674416 3.673127
3.678909 3.687275 3.691564
3.690048 3.685345 3.680947
3.681668 3.684617 3.686924
3.685827 3.683972 3.683457
3.684561 3.685392 3.684852
3.684277 3.684487 3.684881
3.684755 3.684536 3.684665
3.684738 3.684613 3.684690
3.684672 3.684659 3.684681
3.684657 3.684682 3.684653
3.684684 3.684653 3.684683
3.684653 3.684683 3.684654
3.684683 20.788890 17.810949
10.521341 -2.940658 -8.028380
-6.193693 -0.784232 6.354701
8.534269 7.146277 3.822570
-0.221010 -1.020766 -0.012919
2.038520 4.241143 4.424501
3.755413 2.496613 1.474658
1.338222 1.715591 2.429250
3.031885 3.119967 2.906485
2.499464 2.148368 2.094725
2.216385 2.449157 2.652411
2.684229 2.614734 2.481374
2.364143 2.345553 2.385355
2.461829 2.529313 2.540092
2.517277 2.473399 2.434597
2.428375 2.441464 2.466647
2.488944 2.492527 2.485016
2.470560 2.457752 2.456434
2.462745 2.471891 2.476750
2.475288 2.470219 2.465170
2.465489 2.468638 2.471536
2.470814 2.468723 2.467748
2.468996 2.469951 2.469385
2.468696 2.468866 2.469347
2.469270 2.468982 2.469097
2.469216 2.469095 2.469105
2.469156 2.469098 2.469153
2.469108 2.469141 2.469116
2.469140 2.469112 2.469146
2.469110 2.469142 2.469115
2.469140 2.469112 19.573340
18.222202 14.587615 2.287806
-8.288082 -9.095058 -5.493621
1.217830 6.560507 7.230239
5.210107 1.393871 -1.790276
-2.236386 -1.085967 1.095943
2.966133 3.244205 2.588165
1.335443 0.246208 0.079493
0.456146 1.176649 1.808386
1.906673 1.690257 1.275305
0.909876 0.852539 0.977175
1.216286 1.427403 1.460688
1.388892 1.251050 1.115240
1.117631 1.171463 1.257642
1.308890 1.308415 1.278813
1.229328 1.197186 1.198314
1.216503 1.245237 1.261820
1.259800 1.248247 1.231268
1.224114 1.226410 1.234475
1.243930 1.246223 1.242247
1.236343 1.233471 1.235222
1.238815 1.240974 1.239733
1.237501 1.236694 1.237901
1.239068 1.238813 1.237940
1.237893 1.238452 1.238368
1.238067 1.238207 1.238333
1.238199 1.238208 1.238268
1.238202 1.238259 1.238218
1.238245 1.238225 1.238249
1.238211 1.238259 1.238218
1.238243 1.238227 1.238250
1.238196 18.342440 14.913719
6.776565 -6.272766 -10.550609
-8.340752 -2.686904 4.399856
6.121874 4.493196 0.992500
-2.957940 -3.491936 -2.371534
-0.212848 1.923441 1.905470
1.075525 -0.274019 -1.109612
-1.105308 -0.639066 0.138727
0.652535 0.619193 0.317869
-0.137207 -0.377075 -0.336530
-0.152301 0.116254 0.223989
0.184891 0.069105 -0.084465
-0.130988 -0.100544 -0.028612
0.058008 0.075528 0.053780
0.009342 -0.038499 -0.042697
-0.028132 -0.000748 0.021756
0.024793 0.016527 0.000880
-0.012421 -0.013502 -0.006694
0.003058 0.008213 0.006716
0.001341 -0.004162 -0.004084
-0.000781 0.002495 0.002020
-0.000219 -0.001605 -0.000447
0.000797 0.000666 -0.000233
-0.000436 0.000155 0.000235
-0.000131 -0.000074 0.000103
-0.000018 -0.000041 0.000039
-0.000029 0.000016 -0.000007
0.000007 -0.000018 0.000058
-0.000010 -0.000020 0.000020
-0.000021 0.000021 -0.000020
0.000019 -0.000018 17.104219
