Model[0]
[array([[-0.76888424, -0.06305495, -0.11450188, ..., -0.48241436,
        -0.872382  ,  0.2663885 ],
       [ 0.46244064,  0.85269153,  0.12184047, ...,  0.40967375,
        -0.33808842, -0.162713  ],
       [ 0.1317141 , -0.35150272,  0.5359749 , ..., -0.40943864,
         0.09290026,  0.10613103],
       ...,
       [ 1.1106642 ,  0.09292564, -0.00901759, ..., -0.8249418 ,
         0.13089731, -0.16593312],
       [-0.6017841 ,  0.8807754 ,  1.168641  , ..., -1.782087  ,
        -0.41801128,  1.0554091 ],
       [-0.250763  ,  0.4368683 , -0.25812212, ..., -2.2022588 ,
        -0.40254185,  0.73664415]], dtype=float32), array([-2.1666706 ,  0.4874049 ,  0.24874787, -1.3348647 , -1.0053865 ,
       -0.0268413 ,  0.04426384,  0.18311198, -0.59999096,  0.01706063,
       -0.29132977, -1.0873771 , -0.18856515, -0.3581108 , -0.57000995,
        0.7638695 , -0.6115208 , -0.3657597 , -1.161075  , -0.57175434,
        0.1915487 , -0.3518588 , -1.1552824 , -0.28327942, -0.40387204,
       -0.2291912 ,  0.7939895 ,  0.1694404 , -0.8332906 , -0.40749735,
       -0.67974967, -0.77732617,  0.3623223 , -0.30739832, -0.58141136,
       -0.9477292 ,  0.17872283, -0.60911846, -0.4973776 ,  0.02560773,
        1.0927297 , -0.45381412,  0.33675328,  0.6997964 , -0.9008481 ,
        0.863457  , -1.0036978 , -0.01330804, -1.3962294 , -1.1026729 ,
       -1.8125005 , -1.5215418 , -1.3277098 ,  0.48883364, -0.59920555,
       -1.4062129 ,  0.00527336, -0.9527121 , -1.3167514 ,  0.98278195,
       -1.3239607 ,  0.06053976,  0.5212882 ,  1.1691417 , -0.4975493 ,
       -1.1924307 ,  0.22266138,  0.08747739, -0.5241641 , -0.8421762 ,
        0.7811806 ,  0.20341149, -0.3804626 , -0.11562794,  0.35642755,
        0.956482  ,  0.7973795 ,  0.11280791,  0.61838424, -0.35941774,
        0.13862889, -0.592097  , -1.2909153 , -1.6360044 ,  0.14662611,
       -0.46376103, -0.52795297, -0.36635363,  0.28059176,  0.5984386 ,
        0.22528566, -0.5653686 , -0.9306956 , -0.19587767, -0.81851155,
        0.14766547,  0.06883734, -1.107896  , -0.2657744 , -0.77934   ,
       -0.5053618 ,  0.2834749 ,  0.62697196, -0.21906121,  0.17777775,
       -1.2523134 , -0.4522377 , -0.6591867 ,  0.92436886,  0.2098946 ,
       -0.5796558 ,  0.3193433 ,  1.2866483 , -0.05645213, -0.7565501 ,
        0.5293591 , -0.8851196 , -0.25708002, -0.42360482,  0.4082214 ,
        0.20366345, -0.56324023, -0.64042336, -0.02847339, -0.06842675,
       -0.9412519 , -0.71146244,  0.6179113 ], dtype=float32), array([[-0.547537  , -1.5403229 , -3.5257628 , ...,  0.16313225,
        -0.49179032, -0.45578545],
       [ 0.71702087,  1.5215768 , -1.8069903 , ...,  1.0451466 ,
        -3.692469  , -0.4111252 ],
       [ 0.813057  , -1.3109319 , -1.5379262 , ...,  0.6078526 ,
         0.46852493,  0.73443866],
       ...,
       [-1.5160389 , -2.6765187 , -1.1157149 , ..., -1.6332659 ,
         1.1129873 , -2.2692864 ],
       [-0.8900423 , -2.3029535 , -0.5733926 , ..., -2.1021786 ,
         0.43948805, -0.5946054 ],
       [-0.31208175, -0.874293  , -3.4114816 , ..., -0.21249276,
         0.6253431 , -0.32572535]], dtype=float32), array([0.5526193 , 0.61928326, 0.49321175, 0.79033816, 0.68886566,
       0.5440655 , 0.522446  , 0.6019682 , 0.41458282, 0.6093072 ,
       0.75152504, 0.70494413, 0.6179996 , 0.66156656, 0.5363359 ,
       0.7408516 ], dtype=float32)]

Model[1]
[array([[-0.76888424, -0.06305495, -0.11450188, ..., -0.48241436,
        -0.872382  ,  0.2663885 ],
       [ 0.46244064,  0.85269153,  0.12184047, ...,  0.40967375,
        -0.33808842, -0.162713  ],
       [ 0.1317141 , -0.35150272,  0.5359749 , ..., -0.40943864,
         0.09290026,  0.10613103],
       ...,
       [ 1.1106642 ,  0.09292564, -0.00901759, ..., -0.8249418 ,
         0.13089731, -0.16593312],
       [-0.6017841 ,  0.8807754 ,  1.168641  , ..., -1.782087  ,
        -0.41801128,  1.0554091 ],
       [-0.250763  ,  0.4368683 , -0.25812212, ..., -2.2022588 ,
        -0.40254185,  0.73664415]], dtype=float32), array([-2.1666706 ,  0.4874049 ,  0.24874787, -1.3348647 , -1.0053865 ,
       -0.0268413 ,  0.04426384,  0.18311198, -0.59999096,  0.01706063,
       -0.29132977, -1.0873771 , -0.18856515, -0.3581108 , -0.57000995,
        0.7638695 , -0.6115208 , -0.3657597 , -1.161075  , -0.57175434,
        0.1915487 , -0.3518588 , -1.1552824 , -0.28327942, -0.40387204,
       -0.2291912 ,  0.7939895 ,  0.1694404 , -0.8332906 , -0.40749735,
       -0.67974967, -0.77732617,  0.3623223 , -0.30739832, -0.58141136,
       -0.9477292 ,  0.17872283, -0.60911846, -0.4973776 ,  0.02560773,
        1.0927297 , -0.45381412,  0.33675328,  0.6997964 , -0.9008481 ,
        0.863457  , -1.0036978 , -0.01330804, -1.3962294 , -1.1026729 ,
       -1.8125005 , -1.5215418 , -1.3277098 ,  0.48883364, -0.59920555,
       -1.4062129 ,  0.00527336, -0.9527121 , -1.3167514 ,  0.98278195,
       -1.3239607 ,  0.06053976,  0.5212882 ,  1.1691417 , -0.4975493 ,
       -1.1924307 ,  0.22266138,  0.08747739, -0.5241641 , -0.8421762 ,
        0.7811806 ,  0.20341149, -0.3804626 , -0.11562794,  0.35642755,
        0.956482  ,  0.7973795 ,  0.11280791,  0.61838424, -0.35941774,
        0.13862889, -0.592097  , -1.2909153 , -1.6360044 ,  0.14662611,
       -0.46376103, -0.52795297, -0.36635363,  0.28059176,  0.5984386 ,
        0.22528566, -0.5653686 , -0.9306956 , -0.19587767, -0.81851155,
        0.14766547,  0.06883734, -1.107896  , -0.2657744 , -0.77934   ,
       -0.5053618 ,  0.2834749 ,  0.62697196, -0.21906121,  0.17777775,
       -1.2523134 , -0.4522377 , -0.6591867 ,  0.92436886,  0.2098946 ,
       -0.5796558 ,  0.3193433 ,  1.2866483 , -0.05645213, -0.7565501 ,
        0.5293591 , -0.8851196 , -0.25708002, -0.42360482,  0.4082214 ,
        0.20366345, -0.56324023, -0.64042336, -0.02847339, -0.06842675,
       -0.9412519 , -0.71146244,  0.6179113 ], dtype=float32), array([[-0.547537  , -1.5403229 , -3.5257628 , ...,  0.16313225,
        -0.49179032, -0.45578545],
       [ 0.71702087,  1.5215768 , -1.8069903 , ...,  1.0451466 ,
        -3.692469  , -0.4111252 ],
       [ 0.813057  , -1.3109319 , -1.5379262 , ...,  0.6078526 ,
         0.46852493,  0.73443866],
       ...,
       [-1.5160389 , -2.6765187 , -1.1157149 , ..., -1.6332659 ,
         1.1129873 , -2.2692864 ],
       [-0.8900423 , -2.3029535 , -0.5733926 , ..., -2.1021786 ,
         0.43948805, -0.5946054 ],
       [-0.31208175, -0.874293  , -3.4114816 , ..., -0.21249276,
         0.6253431 , -0.32572535]], dtype=float32), array([0.5526193 , 0.61928326, 0.49321175, 0.79033816, 0.68886566,
       0.5440655 , 0.522446  , 0.6019682 , 0.41458282, 0.6093072 ,
       0.75152504, 0.70494413, 0.6179996 , 0.66156656, 0.5363359 ,
       0.7408516 ], dtype=float32)]

Model[2]
[array([[-0.76888424, -0.06305495, -0.11450188, ..., -0.48241436,
        -0.872382  ,  0.2663885 ],
       [ 0.46244064,  0.85269153,  0.12184047, ...,  0.40967375,
        -0.33808842, -0.162713  ],
       [ 0.1317141 , -0.35150272,  0.5359749 , ..., -0.40943864,
         0.09290026,  0.10613103],
       ...,
       [ 1.1106642 ,  0.09292564, -0.00901759, ..., -0.8249418 ,
         0.13089731, -0.16593312],
       [-0.6017841 ,  0.8807754 ,  1.168641  , ..., -1.782087  ,
        -0.41801128,  1.0554091 ],
       [-0.250763  ,  0.4368683 , -0.25812212, ..., -2.2022588 ,
        -0.40254185,  0.73664415]], dtype=float32), array([-2.1666706 ,  0.4874049 ,  0.24874787, -1.3348647 , -1.0053865 ,
       -0.0268413 ,  0.04426384,  0.18311198, -0.59999096,  0.01706063,
       -0.29132977, -1.0873771 , -0.18856515, -0.3581108 , -0.57000995,
        0.7638695 , -0.6115208 , -0.3657597 , -1.161075  , -0.57175434,
        0.1915487 , -0.3518588 , -1.1552824 , -0.28327942, -0.40387204,
       -0.2291912 ,  0.7939895 ,  0.1694404 , -0.8332906 , -0.40749735,
       -0.67974967, -0.77732617,  0.3623223 , -0.30739832, -0.58141136,
       -0.9477292 ,  0.17872283, -0.60911846, -0.4973776 ,  0.02560773,
        1.0927297 , -0.45381412,  0.33675328,  0.6997964 , -0.9008481 ,
        0.863457  , -1.0036978 , -0.01330804, -1.3962294 , -1.1026729 ,
       -1.8125005 , -1.5215418 , -1.3277098 ,  0.48883364, -0.59920555,
       -1.4062129 ,  0.00527336, -0.9527121 , -1.3167514 ,  0.98278195,
       -1.3239607 ,  0.06053976,  0.5212882 ,  1.1691417 , -0.4975493 ,
       -1.1924307 ,  0.22266138,  0.08747739, -0.5241641 , -0.8421762 ,
        0.7811806 ,  0.20341149, -0.3804626 , -0.11562794,  0.35642755,
        0.956482  ,  0.7973795 ,  0.11280791,  0.61838424, -0.35941774,
        0.13862889, -0.592097  , -1.2909153 , -1.6360044 ,  0.14662611,
       -0.46376103, -0.52795297, -0.36635363,  0.28059176,  0.5984386 ,
        0.22528566, -0.5653686 , -0.9306956 , -0.19587767, -0.81851155,
        0.14766547,  0.06883734, -1.107896  , -0.2657744 , -0.77934   ,
       -0.5053618 ,  0.2834749 ,  0.62697196, -0.21906121,  0.17777775,
       -1.2523134 , -0.4522377 , -0.6591867 ,  0.92436886,  0.2098946 ,
       -0.5796558 ,  0.3193433 ,  1.2866483 , -0.05645213, -0.7565501 ,
        0.5293591 , -0.8851196 , -0.25708002, -0.42360482,  0.4082214 ,
        0.20366345, -0.56324023, -0.64042336, -0.02847339, -0.06842675,
       -0.9412519 , -0.71146244,  0.6179113 ], dtype=float32), array([[-0.547537  , -1.5403229 , -3.5257628 , ...,  0.16313225,
        -0.49179032, -0.45578545],
       [ 0.71702087,  1.5215768 , -1.8069903 , ...,  1.0451466 ,
        -3.692469  , -0.4111252 ],
       [ 0.813057  , -1.3109319 , -1.5379262 , ...,  0.6078526 ,
         0.46852493,  0.73443866],
       ...,
       [-1.5160389 , -2.6765187 , -1.1157149 , ..., -1.6332659 ,
         1.1129873 , -2.2692864 ],
       [-0.8900423 , -2.3029535 , -0.5733926 , ..., -2.1021786 ,
         0.43948805, -0.5946054 ],
       [-0.31208175, -0.874293  , -3.4114816 , ..., -0.21249276,
         0.6253431 , -0.32572535]], dtype=float32), array([0.5526193 , 0.61928326, 0.49321175, 0.79033816, 0.68886566,
       0.5440655 , 0.522446  , 0.6019682 , 0.41458282, 0.6093072 ,
       0.75152504, 0.70494413, 0.6179996 , 0.66156656, 0.5363359 ,
       0.7408516 ], dtype=float32)]

Model[3]
[array([[-0.76888424, -0.06305495, -0.11450188, ..., -0.48241436,
        -0.872382  ,  0.2663885 ],
       [ 0.46244064,  0.85269153,  0.12184047, ...,  0.40967375,
        -0.33808842, -0.162713  ],
       [ 0.1317141 , -0.35150272,  0.5359749 , ..., -0.40943864,
         0.09290026,  0.10613103],
       ...,
       [ 1.1106642 ,  0.09292564, -0.00901759, ..., -0.8249418 ,
         0.13089731, -0.16593312],
       [-0.6017841 ,  0.8807754 ,  1.168641  , ..., -1.782087  ,
        -0.41801128,  1.0554091 ],
       [-0.250763  ,  0.4368683 , -0.25812212, ..., -2.2022588 ,
        -0.40254185,  0.73664415]], dtype=float32), array([-2.1666706 ,  0.4874049 ,  0.24874787, -1.3348647 , -1.0053865 ,
       -0.0268413 ,  0.04426384,  0.18311198, -0.59999096,  0.01706063,
       -0.29132977, -1.0873771 , -0.18856515, -0.3581108 , -0.57000995,
        0.7638695 , -0.6115208 , -0.3657597 , -1.161075  , -0.57175434,
        0.1915487 , -0.3518588 , -1.1552824 , -0.28327942, -0.40387204,
       -0.2291912 ,  0.7939895 ,  0.1694404 , -0.8332906 , -0.40749735,
       -0.67974967, -0.77732617,  0.3623223 , -0.30739832, -0.58141136,
       -0.9477292 ,  0.17872283, -0.60911846, -0.4973776 ,  0.02560773,
        1.0927297 , -0.45381412,  0.33675328,  0.6997964 , -0.9008481 ,
        0.863457  , -1.0036978 , -0.01330804, -1.3962294 , -1.1026729 ,
       -1.8125005 , -1.5215418 , -1.3277098 ,  0.48883364, -0.59920555,
       -1.4062129 ,  0.00527336, -0.9527121 , -1.3167514 ,  0.98278195,
       -1.3239607 ,  0.06053976,  0.5212882 ,  1.1691417 , -0.4975493 ,
       -1.1924307 ,  0.22266138,  0.08747739, -0.5241641 , -0.8421762 ,
        0.7811806 ,  0.20341149, -0.3804626 , -0.11562794,  0.35642755,
        0.956482  ,  0.7973795 ,  0.11280791,  0.61838424, -0.35941774,
        0.13862889, -0.592097  , -1.2909153 , -1.6360044 ,  0.14662611,
       -0.46376103, -0.52795297, -0.36635363,  0.28059176,  0.5984386 ,
        0.22528566, -0.5653686 , -0.9306956 , -0.19587767, -0.81851155,
        0.14766547,  0.06883734, -1.107896  , -0.2657744 , -0.77934   ,
       -0.5053618 ,  0.2834749 ,  0.62697196, -0.21906121,  0.17777775,
       -1.2523134 , -0.4522377 , -0.6591867 ,  0.92436886,  0.2098946 ,
       -0.5796558 ,  0.3193433 ,  1.2866483 , -0.05645213, -0.7565501 ,
        0.5293591 , -0.8851196 , -0.25708002, -0.42360482,  0.4082214 ,
        0.20366345, -0.56324023, -0.64042336, -0.02847339, -0.06842675,
       -0.9412519 , -0.71146244,  0.6179113 ], dtype=float32), array([[-0.547537  , -1.5403229 , -3.5257628 , ...,  0.16313225,
        -0.49179032, -0.45578545],
       [ 0.71702087,  1.5215768 , -1.8069903 , ...,  1.0451466 ,
        -3.692469  , -0.4111252 ],
       [ 0.813057  , -1.3109319 , -1.5379262 , ...,  0.6078526 ,
         0.46852493,  0.73443866],
       ...,
       [-1.5160389 , -2.6765187 , -1.1157149 , ..., -1.6332659 ,
         1.1129873 , -2.2692864 ],
       [-0.8900423 , -2.3029535 , -0.5733926 , ..., -2.1021786 ,
         0.43948805, -0.5946054 ],
       [-0.31208175, -0.874293  , -3.4114816 , ..., -0.21249276,
         0.6253431 , -0.32572535]], dtype=float32), array([0.5526193 , 0.61928326, 0.49321175, 0.79033816, 0.68886566,
       0.5440655 , 0.522446  , 0.6019682 , 0.41458282, 0.6093072 ,
       0.75152504, 0.70494413, 0.6179996 , 0.66156656, 0.5363359 ,
       0.7408516 ], dtype=float32)]

Model[4]
[array([[-0.76888424, -0.06305495, -0.11450188, ..., -0.48241436,
        -0.872382  ,  0.2663885 ],
       [ 0.46244064,  0.85269153,  0.12184047, ...,  0.40967375,
        -0.33808842, -0.162713  ],
       [ 0.1317141 , -0.35150272,  0.5359749 , ..., -0.40943864,
         0.09290026,  0.10613103],
       ...,
       [ 1.1106642 ,  0.09292564, -0.00901759, ..., -0.8249418 ,
         0.13089731, -0.16593312],
       [-0.6017841 ,  0.8807754 ,  1.168641  , ..., -1.782087  ,
        -0.41801128,  1.0554091 ],
       [-0.250763  ,  0.4368683 , -0.25812212, ..., -2.2022588 ,
        -0.40254185,  0.73664415]], dtype=float32), array([-2.1666706 ,  0.4874049 ,  0.24874787, -1.3348647 , -1.0053865 ,
       -0.0268413 ,  0.04426384,  0.18311198, -0.59999096,  0.01706063,
       -0.29132977, -1.0873771 , -0.18856515, -0.3581108 , -0.57000995,
        0.7638695 , -0.6115208 , -0.3657597 , -1.161075  , -0.57175434,
        0.1915487 , -0.3518588 , -1.1552824 , -0.28327942, -0.40387204,
       -0.2291912 ,  0.7939895 ,  0.1694404 , -0.8332906 , -0.40749735,
       -0.67974967, -0.77732617,  0.3623223 , -0.30739832, -0.58141136,
       -0.9477292 ,  0.17872283, -0.60911846, -0.4973776 ,  0.02560773,
        1.0927297 , -0.45381412,  0.33675328,  0.6997964 , -0.9008481 ,
        0.863457  , -1.0036978 , -0.01330804, -1.3962294 , -1.1026729 ,
       -1.8125005 , -1.5215418 , -1.3277098 ,  0.48883364, -0.59920555,
       -1.4062129 ,  0.00527336, -0.9527121 , -1.3167514 ,  0.98278195,
       -1.3239607 ,  0.06053976,  0.5212882 ,  1.1691417 , -0.4975493 ,
       -1.1924307 ,  0.22266138,  0.08747739, -0.5241641 , -0.8421762 ,
        0.7811806 ,  0.20341149, -0.3804626 , -0.11562794,  0.35642755,
        0.956482  ,  0.7973795 ,  0.11280791,  0.61838424, -0.35941774,
        0.13862889, -0.592097  , -1.2909153 , -1.6360044 ,  0.14662611,
       -0.46376103, -0.52795297, -0.36635363,  0.28059176,  0.5984386 ,
        0.22528566, -0.5653686 , -0.9306956 , -0.19587767, -0.81851155,
        0.14766547,  0.06883734, -1.107896  , -0.2657744 , -0.77934   ,
       -0.5053618 ,  0.2834749 ,  0.62697196, -0.21906121,  0.17777775,
       -1.2523134 , -0.4522377 , -0.6591867 ,  0.92436886,  0.2098946 ,
       -0.5796558 ,  0.3193433 ,  1.2866483 , -0.05645213, -0.7565501 ,
        0.5293591 , -0.8851196 , -0.25708002, -0.42360482,  0.4082214 ,
        0.20366345, -0.56324023, -0.64042336, -0.02847339, -0.06842675,
       -0.9412519 , -0.71146244,  0.6179113 ], dtype=float32), array([[-0.547537  , -1.5403229 , -3.5257628 , ...,  0.16313225,
        -0.49179032, -0.45578545],
       [ 0.71702087,  1.5215768 , -1.8069903 , ...,  1.0451466 ,
        -3.692469  , -0.4111252 ],
       [ 0.813057  , -1.3109319 , -1.5379262 , ...,  0.6078526 ,
         0.46852493,  0.73443866],
       ...,
       [-1.5160389 , -2.6765187 , -1.1157149 , ..., -1.6332659 ,
         1.1129873 , -2.2692864 ],
       [-0.8900423 , -2.3029535 , -0.5733926 , ..., -2.1021786 ,
         0.43948805, -0.5946054 ],
       [-0.31208175, -0.874293  , -3.4114816 , ..., -0.21249276,
         0.6253431 , -0.32572535]], dtype=float32), array([0.5526193 , 0.61928326, 0.49321175, 0.79033816, 0.68886566,
       0.5440655 , 0.522446  , 0.6019682 , 0.41458282, 0.6093072 ,
       0.75152504, 0.70494413, 0.6179996 , 0.66156656, 0.5363359 ,
       0.7408516 ], dtype=float32)]

Model[5]
[array([[-0.76888424, -0.06305495, -0.11450188, ..., -0.48241436,
        -0.872382  ,  0.2663885 ],
       [ 0.46244064,  0.85269153,  0.12184047, ...,  0.40967375,
        -0.33808842, -0.162713  ],
       [ 0.1317141 , -0.35150272,  0.5359749 , ..., -0.40943864,
         0.09290026,  0.10613103],
       ...,
       [ 1.1106642 ,  0.09292564, -0.00901759, ..., -0.8249418 ,
         0.13089731, -0.16593312],
       [-0.6017841 ,  0.8807754 ,  1.168641  , ..., -1.782087  ,
        -0.41801128,  1.0554091 ],
       [-0.250763  ,  0.4368683 , -0.25812212, ..., -2.2022588 ,
        -0.40254185,  0.73664415]], dtype=float32), array([-2.1666706 ,  0.4874049 ,  0.24874787, -1.3348647 , -1.0053865 ,
       -0.0268413 ,  0.04426384,  0.18311198, -0.59999096,  0.01706063,
       -0.29132977, -1.0873771 , -0.18856515, -0.3581108 , -0.57000995,
        0.7638695 , -0.6115208 , -0.3657597 , -1.161075  , -0.57175434,
        0.1915487 , -0.3518588 , -1.1552824 , -0.28327942, -0.40387204,
       -0.2291912 ,  0.7939895 ,  0.1694404 , -0.8332906 , -0.40749735,
       -0.67974967, -0.77732617,  0.3623223 , -0.30739832, -0.58141136,
       -0.9477292 ,  0.17872283, -0.60911846, -0.4973776 ,  0.02560773,
        1.0927297 , -0.45381412,  0.33675328,  0.6997964 , -0.9008481 ,
        0.863457  , -1.0036978 , -0.01330804, -1.3962294 , -1.1026729 ,
       -1.8125005 , -1.5215418 , -1.3277098 ,  0.48883364, -0.59920555,
       -1.4062129 ,  0.00527336, -0.9527121 , -1.3167514 ,  0.98278195,
       -1.3239607 ,  0.06053976,  0.5212882 ,  1.1691417 , -0.4975493 ,
       -1.1924307 ,  0.22266138,  0.08747739, -0.5241641 , -0.8421762 ,
        0.7811806 ,  0.20341149, -0.3804626 , -0.11562794,  0.35642755,
        0.956482  ,  0.7973795 ,  0.11280791,  0.61838424, -0.35941774,
        0.13862889, -0.592097  , -1.2909153 , -1.6360044 ,  0.14662611,
       -0.46376103, -0.52795297, -0.36635363,  0.28059176,  0.5984386 ,
        0.22528566, -0.5653686 , -0.9306956 , -0.19587767, -0.81851155,
        0.14766547,  0.06883734, -1.107896  , -0.2657744 , -0.77934   ,
       -0.5053618 ,  0.2834749 ,  0.62697196, -0.21906121,  0.17777775,
       -1.2523134 , -0.4522377 , -0.6591867 ,  0.92436886,  0.2098946 ,
       -0.5796558 ,  0.3193433 ,  1.2866483 , -0.05645213, -0.7565501 ,
        0.5293591 , -0.8851196 , -0.25708002, -0.42360482,  0.4082214 ,
        0.20366345, -0.56324023, -0.64042336, -0.02847339, -0.06842675,
       -0.9412519 , -0.71146244,  0.6179113 ], dtype=float32), array([[-0.547537  , -1.5403229 , -3.5257628 , ...,  0.16313225,
        -0.49179032, -0.45578545],
       [ 0.71702087,  1.5215768 , -1.8069903 , ...,  1.0451466 ,
        -3.692469  , -0.4111252 ],
       [ 0.813057  , -1.3109319 , -1.5379262 , ...,  0.6078526 ,
         0.46852493,  0.73443866],
       ...,
       [-1.5160389 , -2.6765187 , -1.1157149 , ..., -1.6332659 ,
         1.1129873 , -2.2692864 ],
       [-0.8900423 , -2.3029535 , -0.5733926 , ..., -2.1021786 ,
         0.43948805, -0.5946054 ],
       [-0.31208175, -0.874293  , -3.4114816 , ..., -0.21249276,
         0.6253431 , -0.32572535]], dtype=float32), array([0.5526193 , 0.61928326, 0.49321175, 0.79033816, 0.68886566,
       0.5440655 , 0.522446  , 0.6019682 , 0.41458282, 0.6093072 ,
       0.75152504, 0.70494413, 0.6179996 , 0.66156656, 0.5363359 ,
       0.7408516 ], dtype=float32)]

Model[6]
[array([[-0.76888424, -0.06305495, -0.11450188, ..., -0.48241436,
        -0.872382  ,  0.2663885 ],
       [ 0.46244064,  0.85269153,  0.12184047, ...,  0.40967375,
        -0.33808842, -0.162713  ],
       [ 0.1317141 , -0.35150272,  0.5359749 , ..., -0.40943864,
         0.09290026,  0.10613103],
       ...,
       [ 1.1106642 ,  0.09292564, -0.00901759, ..., -0.8249418 ,
         0.13089731, -0.16593312],
       [-0.6017841 ,  0.8807754 ,  1.168641  , ..., -1.782087  ,
        -0.41801128,  1.0554091 ],
       [-0.250763  ,  0.4368683 , -0.25812212, ..., -2.2022588 ,
        -0.40254185,  0.73664415]], dtype=float32), array([-2.1666706 ,  0.4874049 ,  0.24874787, -1.3348647 , -1.0053865 ,
       -0.0268413 ,  0.04426384,  0.18311198, -0.59999096,  0.01706063,
       -0.29132977, -1.0873771 , -0.18856515, -0.3581108 , -0.57000995,
        0.7638695 , -0.6115208 , -0.3657597 , -1.161075  , -0.57175434,
        0.1915487 , -0.3518588 , -1.1552824 , -0.28327942, -0.40387204,
       -0.2291912 ,  0.7939895 ,  0.1694404 , -0.8332906 , -0.40749735,
       -0.67974967, -0.77732617,  0.3623223 , -0.30739832, -0.58141136,
       -0.9477292 ,  0.17872283, -0.60911846, -0.4973776 ,  0.02560773,
        1.0927297 , -0.45381412,  0.33675328,  0.6997964 , -0.9008481 ,
        0.863457  , -1.0036978 , -0.01330804, -1.3962294 , -1.1026729 ,
       -1.8125005 , -1.5215418 , -1.3277098 ,  0.48883364, -0.59920555,
       -1.4062129 ,  0.00527336, -0.9527121 , -1.3167514 ,  0.98278195,
       -1.3239607 ,  0.06053976,  0.5212882 ,  1.1691417 , -0.4975493 ,
       -1.1924307 ,  0.22266138,  0.08747739, -0.5241641 , -0.8421762 ,
        0.7811806 ,  0.20341149, -0.3804626 , -0.11562794,  0.35642755,
        0.956482  ,  0.7973795 ,  0.11280791,  0.61838424, -0.35941774,
        0.13862889, -0.592097  , -1.2909153 , -1.6360044 ,  0.14662611,
       -0.46376103, -0.52795297, -0.36635363,  0.28059176,  0.5984386 ,
        0.22528566, -0.5653686 , -0.9306956 , -0.19587767, -0.81851155,
        0.14766547,  0.06883734, -1.107896  , -0.2657744 , -0.77934   ,
       -0.5053618 ,  0.2834749 ,  0.62697196, -0.21906121,  0.17777775,
       -1.2523134 , -0.4522377 , -0.6591867 ,  0.92436886,  0.2098946 ,
       -0.5796558 ,  0.3193433 ,  1.2866483 , -0.05645213, -0.7565501 ,
        0.5293591 , -0.8851196 , -0.25708002, -0.42360482,  0.4082214 ,
        0.20366345, -0.56324023, -0.64042336, -0.02847339, -0.06842675,
       -0.9412519 , -0.71146244,  0.6179113 ], dtype=float32), array([[-0.547537  , -1.5403229 , -3.5257628 , ...,  0.16313225,
        -0.49179032, -0.45578545],
       [ 0.71702087,  1.5215768 , -1.8069903 , ...,  1.0451466 ,
        -3.692469  , -0.4111252 ],
       [ 0.813057  , -1.3109319 , -1.5379262 , ...,  0.6078526 ,
         0.46852493,  0.73443866],
       ...,
       [-1.5160389 , -2.6765187 , -1.1157149 , ..., -1.6332659 ,
         1.1129873 , -2.2692864 ],
       [-0.8900423 , -2.3029535 , -0.5733926 , ..., -2.1021786 ,
         0.43948805, -0.5946054 ],
       [-0.31208175, -0.874293  , -3.4114816 , ..., -0.21249276,
         0.6253431 , -0.32572535]], dtype=float32), array([0.5526193 , 0.61928326, 0.49321175, 0.79033816, 0.68886566,
       0.5440655 , 0.522446  , 0.6019682 , 0.41458282, 0.6093072 ,
       0.75152504, 0.70494413, 0.6179996 , 0.66156656, 0.5363359 ,
       0.7408516 ], dtype=float32)]

Model[7]
[array([[-0.76888424, -0.06305495, -0.11450188, ..., -0.48241436,
        -0.872382  ,  0.2663885 ],
       [ 0.46244064,  0.85269153,  0.12184047, ...,  0.40967375,
        -0.33808842, -0.162713  ],
       [ 0.1317141 , -0.35150272,  0.5359749 , ..., -0.40943864,
         0.09290026,  0.10613103],
       ...,
       [ 1.1106642 ,  0.09292564, -0.00901759, ..., -0.8249418 ,
         0.13089731, -0.16593312],
       [-0.6017841 ,  0.8807754 ,  1.168641  , ..., -1.782087  ,
        -0.41801128,  1.0554091 ],
       [-0.250763  ,  0.4368683 , -0.25812212, ..., -2.2022588 ,
        -0.40254185,  0.73664415]], dtype=float32), array([-2.1666706 ,  0.4874049 ,  0.24874787, -1.3348647 , -1.0053865 ,
       -0.0268413 ,  0.04426384,  0.18311198, -0.59999096,  0.01706063,
       -0.29132977, -1.0873771 , -0.18856515, -0.3581108 , -0.57000995,
        0.7638695 , -0.6115208 , -0.3657597 , -1.161075  , -0.57175434,
        0.1915487 , -0.3518588 , -1.1552824 , -0.28327942, -0.40387204,
       -0.2291912 ,  0.7939895 ,  0.1694404 , -0.8332906 , -0.40749735,
       -0.67974967, -0.77732617,  0.3623223 , -0.30739832, -0.58141136,
       -0.9477292 ,  0.17872283, -0.60911846, -0.4973776 ,  0.02560773,
        1.0927297 , -0.45381412,  0.33675328,  0.6997964 , -0.9008481 ,
        0.863457  , -1.0036978 , -0.01330804, -1.3962294 , -1.1026729 ,
       -1.8125005 , -1.5215418 , -1.3277098 ,  0.48883364, -0.59920555,
       -1.4062129 ,  0.00527336, -0.9527121 , -1.3167514 ,  0.98278195,
       -1.3239607 ,  0.06053976,  0.5212882 ,  1.1691417 , -0.4975493 ,
       -1.1924307 ,  0.22266138,  0.08747739, -0.5241641 , -0.8421762 ,
        0.7811806 ,  0.20341149, -0.3804626 , -0.11562794,  0.35642755,
        0.956482  ,  0.7973795 ,  0.11280791,  0.61838424, -0.35941774,
        0.13862889, -0.592097  , -1.2909153 , -1.6360044 ,  0.14662611,
       -0.46376103, -0.52795297, -0.36635363,  0.28059176,  0.5984386 ,
        0.22528566, -0.5653686 , -0.9306956 , -0.19587767, -0.81851155,
        0.14766547,  0.06883734, -1.107896  , -0.2657744 , -0.77934   ,
       -0.5053618 ,  0.2834749 ,  0.62697196, -0.21906121,  0.17777775,
       -1.2523134 , -0.4522377 , -0.6591867 ,  0.92436886,  0.2098946 ,
       -0.5796558 ,  0.3193433 ,  1.2866483 , -0.05645213, -0.7565501 ,
        0.5293591 , -0.8851196 , -0.25708002, -0.42360482,  0.4082214 ,
        0.20366345, -0.56324023, -0.64042336, -0.02847339, -0.06842675,
       -0.9412519 , -0.71146244,  0.6179113 ], dtype=float32), array([[-0.547537  , -1.5403229 , -3.5257628 , ...,  0.16313225,
        -0.49179032, -0.45578545],
       [ 0.71702087,  1.5215768 , -1.8069903 , ...,  1.0451466 ,
        -3.692469  , -0.4111252 ],
       [ 0.813057  , -1.3109319 , -1.5379262 , ...,  0.6078526 ,
         0.46852493,  0.73443866],
       ...,
       [-1.5160389 , -2.6765187 , -1.1157149 , ..., -1.6332659 ,
         1.1129873 , -2.2692864 ],
       [-0.8900423 , -2.3029535 , -0.5733926 , ..., -2.1021786 ,
         0.43948805, -0.5946054 ],
       [-0.31208175, -0.874293  , -3.4114816 , ..., -0.21249276,
         0.6253431 , -0.32572535]], dtype=float32), array([0.5526193 , 0.61928326, 0.49321175, 0.79033816, 0.68886566,
       0.5440655 , 0.522446  , 0.6019682 , 0.41458282, 0.6093072 ,
       0.75152504, 0.70494413, 0.6179996 , 0.66156656, 0.5363359 ,
       0.7408516 ], dtype=float32)]

Model[8]
[array([[-0.76888424, -0.06305495, -0.11450188, ..., -0.48241436,
        -0.872382  ,  0.2663885 ],
       [ 0.46244064,  0.85269153,  0.12184047, ...,  0.40967375,
        -0.33808842, -0.162713  ],
       [ 0.1317141 , -0.35150272,  0.5359749 , ..., -0.40943864,
         0.09290026,  0.10613103],
       ...,
       [ 1.1106642 ,  0.09292564, -0.00901759, ..., -0.8249418 ,
         0.13089731, -0.16593312],
       [-0.6017841 ,  0.8807754 ,  1.168641  , ..., -1.782087  ,
        -0.41801128,  1.0554091 ],
       [-0.250763  ,  0.4368683 , -0.25812212, ..., -2.2022588 ,
        -0.40254185,  0.73664415]], dtype=float32), array([-2.1666706 ,  0.4874049 ,  0.24874787, -1.3348647 , -1.0053865 ,
       -0.0268413 ,  0.04426384,  0.18311198, -0.59999096,  0.01706063,
       -0.29132977, -1.0873771 , -0.18856515, -0.3581108 , -0.57000995,
        0.7638695 , -0.6115208 , -0.3657597 , -1.161075  , -0.57175434,
        0.1915487 , -0.3518588 , -1.1552824 , -0.28327942, -0.40387204,
       -0.2291912 ,  0.7939895 ,  0.1694404 , -0.8332906 , -0.40749735,
       -0.67974967, -0.77732617,  0.3623223 , -0.30739832, -0.58141136,
       -0.9477292 ,  0.17872283, -0.60911846, -0.4973776 ,  0.02560773,
        1.0927297 , -0.45381412,  0.33675328,  0.6997964 , -0.9008481 ,
        0.863457  , -1.0036978 , -0.01330804, -1.3962294 , -1.1026729 ,
       -1.8125005 , -1.5215418 , -1.3277098 ,  0.48883364, -0.59920555,
       -1.4062129 ,  0.00527336, -0.9527121 , -1.3167514 ,  0.98278195,
       -1.3239607 ,  0.06053976,  0.5212882 ,  1.1691417 , -0.4975493 ,
       -1.1924307 ,  0.22266138,  0.08747739, -0.5241641 , -0.8421762 ,
        0.7811806 ,  0.20341149, -0.3804626 , -0.11562794,  0.35642755,
        0.956482  ,  0.7973795 ,  0.11280791,  0.61838424, -0.35941774,
        0.13862889, -0.592097  , -1.2909153 , -1.6360044 ,  0.14662611,
       -0.46376103, -0.52795297, -0.36635363,  0.28059176,  0.5984386 ,
        0.22528566, -0.5653686 , -0.9306956 , -0.19587767, -0.81851155,
        0.14766547,  0.06883734, -1.107896  , -0.2657744 , -0.77934   ,
       -0.5053618 ,  0.2834749 ,  0.62697196, -0.21906121,  0.17777775,
       -1.2523134 , -0.4522377 , -0.6591867 ,  0.92436886,  0.2098946 ,
       -0.5796558 ,  0.3193433 ,  1.2866483 , -0.05645213, -0.7565501 ,
        0.5293591 , -0.8851196 , -0.25708002, -0.42360482,  0.4082214 ,
        0.20366345, -0.56324023, -0.64042336, -0.02847339, -0.06842675,
       -0.9412519 , -0.71146244,  0.6179113 ], dtype=float32), array([[-0.547537  , -1.5403229 , -3.5257628 , ...,  0.16313225,
        -0.49179032, -0.45578545],
       [ 0.71702087,  1.5215768 , -1.8069903 , ...,  1.0451466 ,
        -3.692469  , -0.4111252 ],
       [ 0.813057  , -1.3109319 , -1.5379262 , ...,  0.6078526 ,
         0.46852493,  0.73443866],
       ...,
       [-1.5160389 , -2.6765187 , -1.1157149 , ..., -1.6332659 ,
         1.1129873 , -2.2692864 ],
       [-0.8900423 , -2.3029535 , -0.5733926 , ..., -2.1021786 ,
         0.43948805, -0.5946054 ],
       [-0.31208175, -0.874293  , -3.4114816 , ..., -0.21249276,
         0.6253431 , -0.32572535]], dtype=float32), array([0.5526193 , 0.61928326, 0.49321175, 0.79033816, 0.68886566,
       0.5440655 , 0.522446  , 0.6019682 , 0.41458282, 0.6093072 ,
       0.75152504, 0.70494413, 0.6179996 , 0.66156656, 0.5363359 ,
       0.7408516 ], dtype=float32)]

Model[9]
[array([[-0.76888424, -0.06305495, -0.11450188, ..., -0.48241436,
        -0.872382  ,  0.2663885 ],
       [ 0.46244064,  0.85269153,  0.12184047, ...,  0.40967375,
        -0.33808842, -0.162713  ],
       [ 0.1317141 , -0.35150272,  0.5359749 , ..., -0.40943864,
         0.09290026,  0.10613103],
       ...,
       [ 1.1106642 ,  0.09292564, -0.00901759, ..., -0.8249418 ,
         0.13089731, -0.16593312],
       [-0.6017841 ,  0.8807754 ,  1.168641  , ..., -1.782087  ,
        -0.41801128,  1.0554091 ],
       [-0.250763  ,  0.4368683 , -0.25812212, ..., -2.2022588 ,
        -0.40254185,  0.73664415]], dtype=float32), array([-2.1666706 ,  0.4874049 ,  0.24874787, -1.3348647 , -1.0053865 ,
       -0.0268413 ,  0.04426384,  0.18311198, -0.59999096,  0.01706063,
       -0.29132977, -1.0873771 , -0.18856515, -0.3581108 , -0.57000995,
        0.7638695 , -0.6115208 , -0.3657597 , -1.161075  , -0.57175434,
        0.1915487 , -0.3518588 , -1.1552824 , -0.28327942, -0.40387204,
       -0.2291912 ,  0.7939895 ,  0.1694404 , -0.8332906 , -0.40749735,
       -0.67974967, -0.77732617,  0.3623223 , -0.30739832, -0.58141136,
       -0.9477292 ,  0.17872283, -0.60911846, -0.4973776 ,  0.02560773,
        1.0927297 , -0.45381412,  0.33675328,  0.6997964 , -0.9008481 ,
        0.863457  , -1.0036978 , -0.01330804, -1.3962294 , -1.1026729 ,
       -1.8125005 , -1.5215418 , -1.3277098 ,  0.48883364, -0.59920555,
       -1.4062129 ,  0.00527336, -0.9527121 , -1.3167514 ,  0.98278195,
       -1.3239607 ,  0.06053976,  0.5212882 ,  1.1691417 , -0.4975493 ,
       -1.1924307 ,  0.22266138,  0.08747739, -0.5241641 , -0.8421762 ,
        0.7811806 ,  0.20341149, -0.3804626 , -0.11562794,  0.35642755,
        0.956482  ,  0.7973795 ,  0.11280791,  0.61838424, -0.35941774,
        0.13862889, -0.592097  , -1.2909153 , -1.6360044 ,  0.14662611,
       -0.46376103, -0.52795297, -0.36635363,  0.28059176,  0.5984386 ,
        0.22528566, -0.5653686 , -0.9306956 , -0.19587767, -0.81851155,
        0.14766547,  0.06883734, -1.107896  , -0.2657744 , -0.77934   ,
       -0.5053618 ,  0.2834749 ,  0.62697196, -0.21906121,  0.17777775,
       -1.2523134 , -0.4522377 , -0.6591867 ,  0.92436886,  0.2098946 ,
       -0.5796558 ,  0.3193433 ,  1.2866483 , -0.05645213, -0.7565501 ,
        0.5293591 , -0.8851196 , -0.25708002, -0.42360482,  0.4082214 ,
        0.20366345, -0.56324023, -0.64042336, -0.02847339, -0.06842675,
       -0.9412519 , -0.71146244,  0.6179113 ], dtype=float32), array([[-0.547537  , -1.5403229 , -3.5257628 , ...,  0.16313225,
        -0.49179032, -0.45578545],
       [ 0.71702087,  1.5215768 , -1.8069903 , ...,  1.0451466 ,
        -3.692469  , -0.4111252 ],
       [ 0.813057  , -1.3109319 , -1.5379262 , ...,  0.6078526 ,
         0.46852493,  0.73443866],
       ...,
       [-1.5160389 , -2.6765187 , -1.1157149 , ..., -1.6332659 ,
         1.1129873 , -2.2692864 ],
       [-0.8900423 , -2.3029535 , -0.5733926 , ..., -2.1021786 ,
         0.43948805, -0.5946054 ],
       [-0.31208175, -0.874293  , -3.4114816 , ..., -0.21249276,
         0.6253431 , -0.32572535]], dtype=float32), array([0.5526193 , 0.61928326, 0.49321175, 0.79033816, 0.68886566,
       0.5440655 , 0.522446  , 0.6019682 , 0.41458282, 0.6093072 ,
       0.75152504, 0.70494413, 0.6179996 , 0.66156656, 0.5363359 ,
       0.7408516 ], dtype=float32)]

