Model[0]
[array([[ 5.48311509e-02,  5.06896293e-03,  6.23101071e-02, ...,
         1.54193848e-01,  3.74360263e-01, -9.54191387e-02],
       [ 4.81167994e-02,  6.71967500e-05, -1.03148982e-01, ...,
        -5.21156900e-02,  3.41437727e-01,  1.32158697e-01],
       [-4.49272394e-02, -2.90221751e-01, -8.20254460e-02, ...,
        -1.91811666e-01, -2.29279280e-01, -6.15446866e-02],
       ...,
       [ 2.24548191e-01,  1.20524645e-01,  8.82764384e-02, ...,
        -1.09603204e-01, -2.72286534e-01,  1.41402204e-02],
       [ 3.72681528e-01,  3.93092841e-01,  2.46948540e-01, ...,
        -2.27947563e-01, -1.07755169e-01, -2.44776951e-03],
       [ 1.87928423e-01,  4.69188958e-01, -1.79120734e-01, ...,
         1.35009643e-02,  4.21144158e-01, -3.18537861e-01]], dtype=float32), array([-0.02916187, -0.03895733,  0.17785893,  0.07003651,  0.04690534,
       -0.12083849,  0.00427764,  0.07353543,  0.19114466,  0.12129427,
       -0.02514071,  0.05505717,  0.00367466,  0.16795233,  0.20592478,
        0.0560153 ,  0.01497795, -0.01920515,  0.00644042, -0.03981397,
        0.12217888,  0.00043544,  0.26436353,  0.14851968,  0.12830661,
       -0.23076817,  0.04286798,  0.0590253 ,  0.17973728, -0.0936403 ,
        0.01202052, -0.07648528,  0.09758157, -0.00090881, -0.05390299,
        0.14758246,  0.02118387, -0.01757673,  0.18314695,  0.04930689,
        0.09706037,  0.02664776, -0.04038864,  0.06494198, -0.10741013,
        0.18653227, -0.11457258,  0.10258578, -0.08417091,  0.04287433,
       -0.01715606,  0.11754491,  0.03373897, -0.1376369 ,  0.08281335,
        0.16536896, -0.05048946,  0.02098646,  0.00814597, -0.03535599,
       -0.00879287, -0.06556655,  0.19360997, -0.0675617 ,  0.1697921 ,
       -0.01907727,  0.19713111, -0.09002071, -0.05056688,  0.09222089,
       -0.03984054,  0.03476852, -0.02513781, -0.08132909,  0.05023213,
        0.01448988,  0.01879346, -0.0492109 ,  0.11973333, -0.03219825,
       -0.04082726, -0.04341292, -0.07453296,  0.20080036,  0.00729366,
        0.03624035,  0.19527084,  0.05104014,  0.10285767, -0.00085068,
       -0.02621768, -0.00298365,  0.18949445, -0.09530763,  0.18659993,
        0.04480042,  0.09451386, -0.12341962, -0.03368523,  0.05979288,
       -0.03484711, -0.00392878, -0.13101429,  0.140345  ,  0.01886102,
        0.17903836, -0.01016516,  0.21298383,  0.11290127,  0.04490945,
        0.01548676,  0.11038538,  0.18976377,  0.21019779, -0.02699619,
       -0.07493024, -0.05581174, -0.09156707,  0.10540414, -0.10011968,
        0.05383342, -0.01894692, -0.05287419,  0.10310443,  0.04913249,
        0.03438117, -0.07600865, -0.01986511], dtype=float32), array([[ 0.05103186,  0.07371553,  0.08171303, ..., -0.01147594,
        -0.16168281, -0.2584829 ],
       [-0.00131691, -0.00694402, -0.08498748, ..., -0.03164501,
        -0.10358408,  0.00999131],
       [-0.04172947, -0.09876604,  0.1422066 , ..., -0.20139734,
        -0.22330013,  0.11795288],
       ...,
       [ 0.06599049,  0.01014226, -0.10630137, ..., -0.20178053,
         0.05800246, -0.1143266 ],
       [ 0.01729156,  0.03051398, -0.03029731, ..., -0.07911229,
        -0.2381524 , -0.27861306],
       [ 0.03428114, -0.23299888, -0.18405963, ..., -0.24255662,
         0.0330321 , -0.0114812 ]], dtype=float32), array([-0.03827307, -0.03966838, -0.0467375 , -0.03822837, -0.03363715,
       -0.03476243, -0.04775038, -0.03739111, -0.04568984, -0.04419038,
       -0.03447041, -0.03787273, -0.03794459, -0.04453481, -0.04481098,
       -0.03985632], dtype=float32)]

Model[1]
[array([[ 2.0900455e-01, -3.7887892e-01,  2.1829547e-01, ...,
         4.3833157e-01,  6.2681723e-01, -2.7982805e-02],
       [ 3.9127457e-01, -1.8360840e-01,  2.2240390e-01, ...,
        -1.4638864e-01,  1.0646420e+00,  2.4940665e-01],
       [-9.4791904e-02, -4.2851931e-01, -4.3028846e-02, ...,
        -1.7123557e-04, -3.7180349e-01,  2.5777919e-03],
       ...,
       [ 7.0682013e-01,  2.5769550e-01,  3.8986337e-01, ...,
        -2.4808638e-01, -3.9023709e-01, -1.2367169e-01],
       [ 1.1664622e+00,  4.6004668e-01,  8.4019840e-01, ...,
        -7.1030545e-01,  2.8512446e-02, -1.4778963e-01],
       [ 1.4441597e-03,  1.2311914e+00, -6.6629493e-01, ...,
        -3.5197370e-02,  9.8342943e-01, -7.0399690e-01]], dtype=float32), array([ 0.02727036, -0.29418212,  0.46295172,  0.25222582,  0.11741582,
       -0.37358958,  0.06684739,  0.08418659,  0.3743798 ,  0.09895226,
        0.14615934,  0.36360088, -0.01172963,  0.43870497,  0.40131024,
       -0.04510999,  0.122813  ,  0.10530172,  0.25485107, -0.1721227 ,
        0.4192648 ,  0.06251519,  0.6491731 ,  0.45468545,  0.33286425,
       -0.70835733, -0.01567714,  0.21338181,  0.45161638, -0.3281039 ,
       -0.06939164, -0.28557616,  0.28181064,  0.0416006 , -0.22135437,
        0.27326035,  0.17281973, -0.19002149,  0.27844492,  0.2040524 ,
        0.32094672,  0.15503243, -0.17313305,  0.17666134, -0.20118591,
        0.559188  , -0.32107493,  0.20749357, -0.30308875,  0.10486438,
        0.0794415 ,  0.31578445, -0.00872705, -0.30116177,  0.3939874 ,
        0.45623648, -0.21048279,  0.05271487, -0.10468223, -0.25593072,
       -0.21118481, -0.05126359,  0.30323178, -0.18771069,  0.55406964,
       -0.01813555,  0.45026246, -0.35415134, -0.09474457,  0.2913854 ,
       -0.13911258, -0.01138156,  0.01465063, -0.24800621,  0.26808807,
        0.13719554, -0.1191572 , -0.19782047,  0.20883101,  0.01891227,
        0.04058456, -0.02371643, -0.22295785,  0.54600257, -0.01056599,
        0.2635678 ,  0.4658206 ,  0.09136285,  0.4188579 , -0.03039569,
       -0.22313678,  0.12229595,  0.4260556 , -0.20244257,  0.5041652 ,
        0.04809052,  0.08520673, -0.16743109,  0.07422682,  0.10696395,
       -0.11878365,  0.11823294, -0.32758933,  0.43859956, -0.1119542 ,
        0.2698123 ,  0.0023451 ,  0.4430204 ,  0.4292918 ,  0.04565212,
       -0.01246205,  0.46239606,  0.40773135,  0.6259076 , -0.28518704,
       -0.33729655, -0.09027835, -0.33601722,  0.16422793, -0.33965963,
        0.3354016 , -0.0460938 , -0.07288805,  0.3073928 , -0.0052248 ,
        0.09151632, -0.43000403, -0.0264223 ], dtype=float32), array([[ 0.36428463,  0.1189102 ,  0.1883091 , ...,  0.28781685,
        -1.3886081 , -1.45915   ],
       [ 0.01198958,  0.22999145, -0.281575  , ...,  0.14649574,
         0.07911997,  0.28952023],
       [ 0.38535184, -0.5860574 ,  0.54867244, ..., -0.9039805 ,
        -1.5176419 ,  0.48382547],
       ...,
       [ 0.45057446,  0.44453388, -0.603091  , ..., -1.408317  ,
         0.5121773 , -0.860505  ],
       [ 0.1624703 ,  0.06786836,  0.06740175, ...,  0.06979502,
        -1.6565468 , -1.629829  ],
       [ 0.08992131, -1.0582758 , -1.0491751 , ..., -1.3991137 ,
         0.27134457, -0.01022839]], dtype=float32), array([-0.07409689, -0.0304023 , -0.05007801, -0.03033101, -0.00320275,
       -0.02876857, -0.06531109, -0.00713717, -0.07474018, -0.02908006,
       -0.06452698, -0.01633782, -0.04259322, -0.0236723 , -0.07758025,
       -0.05155424], dtype=float32)]

Model[2]
[array([[ 0.20037499, -0.44554076,  0.28858   , ...,  0.4626971 ,
         0.6170741 , -0.04725843],
       [ 0.48555955, -0.31429577,  0.31765717, ..., -0.1255004 ,
         1.1223042 ,  0.13431063],
       [-0.06754523, -0.38323936, -0.07591741, ..., -0.02281824,
        -0.41266972, -0.0472792 ],
       ...,
       [ 0.8509594 ,  0.24642535,  0.46041808, ..., -0.1517144 ,
        -0.39202154, -0.08416461],
       [ 1.1878102 ,  0.626126  ,  0.79333454, ..., -0.520908  ,
         0.07751983,  0.04218596],
       [ 0.02510693,  1.2736272 , -0.6577222 , ..., -0.00291688,
         1.1604131 , -0.8548707 ]], dtype=float32), array([ 3.91946696e-02, -3.46674472e-01,  5.91704488e-01,  3.23432446e-01,
        1.04307748e-01, -4.68769580e-01,  5.36404783e-04,  1.31628513e-01,
        5.07362306e-01,  9.21705738e-02,  2.30324000e-01,  3.78575921e-01,
       -3.58394682e-02,  3.75208467e-01,  4.60291922e-01, -2.95134392e-02,
        6.12260289e-02,  1.07015155e-01,  3.73231620e-01, -1.86717391e-01,
        5.26820838e-01,  1.77400216e-01,  7.30765879e-01,  5.62710285e-01,
        3.91566068e-01, -8.51687729e-01,  6.76269038e-03,  2.42476627e-01,
        5.07493079e-01, -4.44344312e-01, -1.39287353e-01, -4.31999922e-01,
        1.70442134e-01,  6.39104992e-02, -3.05703193e-01,  2.53548950e-01,
        3.19460303e-01, -1.82188213e-01,  3.74590725e-01,  2.95269221e-01,
        4.06614602e-01,  1.70128420e-01, -1.20745972e-01,  2.04763070e-01,
       -2.95791268e-01,  6.93293393e-01, -4.92050171e-01,  2.66494900e-01,
       -4.87394184e-01,  2.51227878e-02,  1.33649364e-01,  2.40018219e-01,
       -5.46388626e-02, -3.78745973e-01,  3.43178153e-01,  4.21854824e-01,
       -2.00815439e-01, -1.23834386e-02, -1.59822732e-01, -3.28666925e-01,
       -1.77285612e-01, -5.73278517e-02,  3.95809919e-01, -3.67291331e-01,
        6.01253211e-01, -4.69304547e-02,  4.49186504e-01, -3.89687955e-01,
       -1.21444367e-01,  3.74177456e-01, -1.50792748e-01, -2.66976538e-03,
        3.24146636e-02, -3.10877413e-01,  2.91364580e-01,  5.25412634e-02,
       -1.47227496e-01, -2.98317015e-01,  1.96068317e-01,  1.29096918e-02,
        6.73844144e-02, -4.30771179e-04, -3.14273804e-01,  6.92688107e-01,
       -4.16994579e-02,  2.78114647e-01,  5.68294585e-01,  8.80142525e-02,
        4.15988386e-01, -3.25203091e-02, -3.15206468e-01,  8.06536004e-02,
        4.74687546e-01, -2.07947433e-01,  4.96800661e-01, -7.30509288e-04,
        1.60392180e-01, -2.96985149e-01,  5.38156442e-02,  1.59870118e-01,
       -2.17397958e-01,  1.51327178e-01, -4.11033958e-01,  5.01037955e-01,
       -2.61487961e-01,  2.83140689e-01, -5.52845933e-02,  5.63550353e-01,
        5.56953907e-01,  4.15882431e-02,  8.68209526e-02,  5.52219927e-01,
        4.45940822e-01,  6.52448773e-01, -3.48724812e-01, -2.97712922e-01,
       -2.08799943e-01, -3.54588211e-01,  2.70495504e-01, -4.73809361e-01,
        4.73223478e-01,  4.60362900e-03, -9.19105858e-02,  3.18017691e-01,
       -4.93356287e-02,  7.73869604e-02, -5.83093762e-01, -3.53853479e-02],
      dtype=float32), array([[ 0.45395026,  0.15925257,  0.15754452, ...,  0.37471843,
        -1.6361431 , -1.7161839 ],
       [ 0.06186565,  0.3739814 , -0.31635404, ...,  0.16257712,
         0.04958369,  0.3318828 ],
       [ 0.5179946 , -0.8169773 ,  0.57795197, ..., -1.1223707 ,
        -1.941207  ,  0.5960459 ],
       ...,
       [ 0.40675673,  0.6753654 , -0.8863113 , ..., -1.5844322 ,
         0.6984609 , -0.95706767],
       [ 0.19319431,  0.11806481,  0.11709189, ...,  0.1519678 ,
        -2.1917446 , -2.039124  ],
       [ 0.08548281, -1.3506179 , -1.2683024 , ..., -1.6957458 ,
         0.37608752,  0.02586472]], dtype=float32), array([-0.09163097,  0.00826803, -0.09772317, -0.06776353, -0.03896007,
       -0.02607751, -0.03800958,  0.03292521, -0.12453451, -0.05051823,
       -0.10868224,  0.02387912, -0.06023708, -0.0263252 , -0.02239113,
       -0.04499687], dtype=float32)]

Model[3]
[array([[ 0.02568892, -0.51763266,  0.12817897, ...,  0.5241099 ,
         0.75641567, -0.05435843],
       [ 0.49794418, -0.33437878,  0.39201495, ..., -0.15051363,
         1.4126102 ,  0.04905146],
       [-0.08303048, -0.42244527, -0.10437589, ..., -0.07980971,
        -0.40358835, -0.16004886],
       ...,
       [ 0.88526386,  0.36652273,  0.46379682, ..., -0.18905672,
        -0.45880902,  0.10250834],
       [ 1.0887172 ,  0.38785937,  1.0741582 , ..., -0.69183004,
        -0.07311679,  0.36789715],
       [ 0.10295157,  1.0793366 , -0.6472442 , ..., -0.13567193,
         1.2254034 , -1.1702435 ]], dtype=float32), array([ 6.12881454e-03, -5.07056892e-01,  7.56691277e-01,  3.95752490e-01,
       -9.94388908e-02, -7.78486669e-01, -6.69422522e-02,  1.43265381e-01,
        5.73491633e-01,  5.47206141e-02,  2.67600507e-01,  3.15179408e-01,
       -8.26095715e-02,  4.93993580e-01,  4.57867742e-01, -2.19316274e-01,
        7.04990923e-02,  6.60077855e-02,  2.72590309e-01, -3.67466629e-01,
        5.16263664e-01,  1.74784958e-01,  9.26250935e-01,  5.11702597e-01,
        3.80793184e-01, -1.23443258e+00, -1.48608610e-01,  1.57574892e-01,
        6.53773546e-01, -4.76366103e-01, -2.29918271e-01, -4.97664303e-01,
        2.41163343e-01, -3.89716104e-02, -3.13612789e-01,  2.38613784e-01,
        2.32913151e-01, -3.49854380e-01,  2.95893461e-01,  2.90763915e-01,
        4.95937645e-01,  2.44849384e-01, -2.04170987e-01,  7.81879872e-02,
       -4.30621177e-01,  8.62254679e-01, -4.82805222e-01,  3.18242371e-01,
       -4.71003115e-01,  5.17361658e-03,  1.41184554e-01,  2.53916353e-01,
       -1.23083055e-01, -4.92621750e-01,  4.46454376e-01,  5.27813733e-01,
       -4.07058477e-01, -3.23397592e-02, -1.46696880e-01, -5.13627291e-01,
       -1.88546941e-01, -2.24561766e-01,  3.74734253e-01, -3.36013734e-01,
        7.72584498e-01, -1.40457898e-01,  6.18613482e-01, -7.27275312e-01,
       -1.95874065e-01,  3.86725813e-01, -7.56164789e-02, -9.17385444e-02,
       -1.10710844e-01, -3.92931044e-01,  4.34665978e-01,  1.81431606e-01,
       -1.84627444e-01, -3.42069298e-01,  1.78313240e-01, -1.52117694e-02,
        1.10979810e-01, -9.90305096e-02, -3.38869870e-01,  9.02504086e-01,
       -2.56954640e-01,  2.88836122e-01,  7.04255819e-01,  1.33537948e-01,
        4.15824115e-01, -3.83635610e-02, -5.75991333e-01,  6.46121874e-02,
        5.19647539e-01, -3.18142712e-01,  5.57221651e-01,  8.50942954e-02,
        1.90671399e-01, -3.41944486e-01,  4.31944877e-02,  1.34723887e-01,
       -3.78647536e-01,  1.90350294e-01, -6.23643875e-01,  5.79208314e-01,
       -3.38232458e-01,  2.29049027e-01, -1.09563708e-01,  5.58662593e-01,
        5.95632136e-01, -3.97537909e-02, -1.03708880e-03,  5.71846187e-01,
        5.08177280e-01,  8.83231759e-01, -4.88973647e-01, -4.25704151e-01,
       -2.40826234e-01, -6.01427853e-01,  2.15673119e-01, -7.74495900e-01,
        5.06546140e-01, -6.37115687e-02, -2.26898089e-01,  4.42497432e-01,
       -2.66488582e-01,  7.14967847e-02, -7.14735687e-01, -1.26100644e-01],
      dtype=float32), array([[ 0.58720875,  0.12936981,  0.21619624, ...,  0.512055  ,
        -1.6421682 , -1.808617  ],
       [ 0.00557018,  0.41632086, -0.22428726, ...,  0.12595883,
         0.06848021,  0.38612252],
       [ 0.7676727 , -0.89467764,  0.5032191 , ..., -1.0345172 ,
        -1.9248841 ,  0.66445535],
       ...,
       [ 0.54991823,  0.7966752 , -0.8449619 , ..., -1.7859043 ,
         0.7634064 , -0.9703098 ],
       [ 0.20294377,  0.150825  ,  0.16843033, ...,  0.21495955,
        -2.3898222 , -2.0993817 ],
       [ 0.08374678, -1.6169133 , -1.3853492 , ..., -1.7196246 ,
         0.36978817,  0.09013103]], dtype=float32), array([-0.09617434,  0.04319429, -0.08158106, -0.07466536,  0.00483907,
       -0.001394  , -0.06150373,  0.0367784 , -0.1272269 , -0.06151486,
       -0.10943105,  0.05335645, -0.03156787,  0.00409839,  0.00258168,
       -0.0124817 ], dtype=float32)]

Model[4]
[array([[ 0.04151062, -0.7377863 ,  0.06076548, ...,  0.38813394,
         1.0822817 ,  0.20372283],
       [ 0.59297967, -0.25950304,  0.23732981, ..., -0.363098  ,
         1.7209425 ,  0.32778805],
       [-0.04047802, -0.59568065, -0.26996836, ..., -0.25409293,
        -0.23629558,  0.17774245],
       ...,
       [ 0.9265985 ,  0.30853605,  0.45593458, ..., -0.05747333,
        -0.61284286,  0.07899339],
       [ 1.1051103 ,  0.512159  ,  0.85270786, ..., -0.8472941 ,
         0.4000085 ,  0.09681302],
       [-0.10193668,  1.2252164 , -1.000872  , ...,  0.19194323,
         1.3064896 , -0.9526522 ]], dtype=float32), array([-0.17380485, -0.8025245 ,  0.8571631 ,  0.49371952, -0.16753948,
       -1.1053209 , -0.15446621,  0.14891876,  0.47410664,  0.08247343,
        0.31602147,  0.3768229 , -0.42469022,  0.6096462 ,  0.6345941 ,
       -0.3290841 , -0.19466709, -0.18029653,  0.4642921 , -0.51653975,
        0.60477597,  0.13827313,  1.070134  ,  0.61320025,  0.35721093,
       -1.7565256 , -0.14909159,  0.36388618,  0.6500666 , -0.58110553,
       -0.25584483, -0.4420018 ,  0.35253614, -0.07439782, -0.4829969 ,
        0.3251055 ,  0.19789058, -0.44508192,  0.12409073,  0.38907033,
        0.6059205 ,  0.24218147, -0.40490213, -0.06794874, -0.48328727,
        1.1038809 , -0.5747326 ,  0.26074848, -0.731151  ,  0.11378857,
        0.07483811,  0.27799788,  0.01257813, -0.6123859 ,  0.39424434,
        0.6962178 , -0.4348209 , -0.09525498, -0.26007524, -0.76329863,
       -0.37971762, -0.2927067 ,  0.4496827 , -0.6318004 ,  0.98058856,
       -0.03772908,  0.60018885, -1.0630882 , -0.09556603,  0.45263398,
       -0.31643352, -0.2828071 , -0.04245335, -0.3563537 ,  0.31358424,
        0.3637643 , -0.28439465, -0.51582783,  0.10549477, -0.18637657,
        0.0573529 , -0.22016037, -0.4444625 ,  1.0400386 , -0.05342324,
        0.17286892,  0.6458166 ,  0.05368349,  0.43413576, -0.30126432,
       -0.53805125, -0.15544789,  0.5642762 , -0.5514009 ,  0.6322293 ,
       -0.09180094,  0.13707574, -0.57797045,  0.00565225,  0.13852249,
       -0.6320172 ,  0.23179215, -0.9366941 ,  0.5884999 , -0.5588058 ,
        0.41559625, -0.12086549,  0.62588537,  0.71594834,  0.16571698,
        0.01652878,  0.68797004,  0.43531445,  0.9663515 , -0.518727  ,
       -0.696231  , -0.46227857, -0.8363015 ,  0.08917802, -1.128898  ,
        0.62721956, -0.2576543 , -0.4610918 ,  0.40648535, -0.68472594,
        0.00753831, -0.97008336,  0.11489633], dtype=float32), array([[ 0.696762  ,  0.07449155,  0.20921262, ...,  0.62011653,
        -1.4878259 , -1.9253888 ],
       [ 0.02248992,  0.5056873 , -0.10563909, ...,  0.14873023,
        -0.00723452,  0.23145697],
       [ 0.82887053, -1.1680186 ,  0.48238638, ..., -1.4350989 ,
        -1.9755831 ,  0.85496175],
       ...,
       [ 0.60069984,  0.72871625, -1.1753842 , ..., -1.7196962 ,
         0.81012464, -0.95482135],
       [ 0.37664557,  0.20785064,  0.16163473, ...,  0.15109812,
        -2.4074113 , -2.2049081 ],
       [ 0.07118837, -1.6713637 , -1.3731617 , ..., -1.6191007 ,
         0.42372552,  0.17299551]], dtype=float32), array([-0.04717565,  0.15044342, -0.04241221,  0.05633256,  0.04181468,
       -0.00398874, -0.01494908,  0.04192121, -0.11257074, -0.07394436,
       -0.01520536,  0.10584677,  0.03650379, -0.0278888 ,  0.00640364,
        0.04538177], dtype=float32)]

Model[5]
[array([[-0.04156559, -0.9001755 , -0.04304123, ...,  0.10353968,
         1.2011654 ,  0.36713177],
       [ 0.6113251 , -0.46123394,  0.25527635, ..., -0.38757488,
         2.097006  ,  0.43794957],
       [ 0.00611465, -0.47663003, -0.37209222, ..., -0.3403043 ,
        -0.25688446, -0.25310135],
       ...,
       [ 0.77534056,  0.12683862,  0.5549833 , ..., -0.05206024,
        -0.68332946, -0.16342169],
       [ 1.2359948 ,  0.5107675 ,  1.0495418 , ..., -1.1339575 ,
         0.43675712,  0.06317876],
       [-0.35292754,  0.96331894, -0.87590736, ...,  0.0593068 ,
         0.9493045 , -0.9210777 ]], dtype=float32), array([-0.21820986, -1.157003  ,  0.8784517 ,  0.8326844 , -0.42781597,
       -1.2747904 ,  0.0128895 , -0.09179005,  0.354351  ,  0.15045914,
        0.44673094,  0.37196192, -0.40825197,  0.6013387 ,  0.65692496,
       -0.42376179, -0.17186101, -0.43606037,  0.4096356 , -0.7441913 ,
        0.4397519 ,  0.11375224,  1.1575043 ,  0.76692796,  0.39646095,
       -2.1967525 , -0.08171374,  0.3786324 ,  0.75428987, -0.899384  ,
       -0.03818248, -0.7799879 ,  0.2255059 , -0.29479894, -0.8770609 ,
        0.23265406,  0.2034142 , -0.57622516,  0.21291642,  0.36249027,
        0.6407099 ,  0.5272336 , -0.3820465 , -0.1598257 , -0.71621555,
        1.3254904 , -0.90135777,  0.301653  , -0.90762204,  0.0879124 ,
        0.36078164, -0.0613623 , -0.08614294, -0.89466584,  0.39571348,
        0.79676044, -0.09826551, -0.10597204, -0.33608738, -1.0419685 ,
       -0.66146725, -0.41480088,  0.8205185 , -0.59113395,  1.0790385 ,
       -0.31028408,  0.58728635, -1.2155353 , -0.36265245,  0.5656375 ,
       -0.365086  , -0.44009593, -0.34512386, -0.34337148,  0.5492438 ,
        0.44464797, -0.3451453 , -0.9129363 ,  0.11721039, -0.1336401 ,
       -0.27023733, -0.20631449, -0.6536758 ,  1.1558628 ,  0.24486388,
        0.17157017,  0.91949695,  0.29590407,  0.51413286, -0.47567803,
       -0.73295015, -0.36879483,  0.4957805 , -0.6246152 ,  0.8077354 ,
       -0.1267193 ,  0.28727034, -0.731618  ,  0.04680794,  0.3940336 ,
       -0.89024556,  0.16986121, -0.95037925,  0.47896105, -0.7822022 ,
        0.32868135, -0.37941712,  0.6776354 ,  0.6699666 , -0.08167148,
       -0.3293753 ,  0.6583941 ,  0.39963436,  1.0648254 , -0.5731365 ,
       -0.9868895 , -0.49717417, -1.0637361 , -0.27053878, -1.3862168 ,
        0.5554402 , -0.4591572 , -0.572657  ,  0.2994349 , -0.8432604 ,
       -0.27753493, -1.339634  ,  0.13863792], dtype=float32), array([[ 0.8296083 ,  0.04796259,  0.16846666, ...,  0.61672354,
        -1.6109859 , -2.0839603 ],
       [-0.19023855,  0.758499  ,  0.40726238, ...,  0.12666076,
         0.11892785,  0.05914834],
       [ 0.79603404, -1.0820756 ,  0.15935726, ..., -1.5333924 ,
        -2.4478288 ,  0.8037299 ],
       ...,
       [ 0.24668093,  1.0189131 , -0.8846378 , ..., -1.9739397 ,
         0.8897068 , -0.8537987 ],
       [ 0.5001575 ,  0.3213072 ,  0.29083017, ...,  0.26998836,
        -2.662494  , -1.9916966 ],
       [ 0.25548434, -1.5470268 , -1.1691036 , ..., -1.5289532 ,
         0.44532058,  0.34090996]], dtype=float32), array([ 0.09083872,  0.23448555,  0.10040306,  0.17019922,  0.13083787,
        0.06980629, -0.04143517,  0.01903085,  0.02407186,  0.04909229,
        0.1441537 ,  0.20658037,  0.17927177,  0.10355629,  0.08118026,
        0.16926537], dtype=float32)]

Model[6]
[array([[-0.53250337,  0.11798451, -0.00886595, ...,  0.0208105 ,
         1.4705862 ,  0.10270414],
       [ 0.47234887, -0.04342306,  0.46147153, ..., -0.5436786 ,
         2.1910653 ,  0.04982755],
       [ 0.18960392, -0.00800498, -0.39589122, ..., -0.01351979,
        -0.9248579 , -0.55024195],
       ...,
       [ 0.9660102 ,  0.32916304,  0.56393355, ...,  0.07609706,
        -0.75670016, -0.62379265],
       [ 0.88040125,  0.61190075,  0.634589  , ..., -1.0752892 ,
         0.6801489 ,  0.14090262],
       [-0.25733665,  1.2842834 , -0.7354137 , ...,  0.21574162,
         0.7943048 , -0.9485144 ]], dtype=float32), array([-5.2070504e-01, -6.7730552e-01,  1.0761377e+00,  9.9610549e-01,
       -2.3941036e-01, -1.6397531e+00, -1.5982799e-03, -1.7771149e-02,
        2.5689363e-01, -6.6104992e-03,  5.7840353e-01,  2.8771973e-01,
       -7.7327883e-01,  4.8301247e-01,  5.3573561e-01, -6.1698347e-01,
       -6.9435376e-01, -6.4078319e-01,  1.8570873e-01, -9.1533983e-01,
        3.7268692e-01, -1.3150266e-01,  1.3470498e+00,  1.2501885e+00,
        2.6369661e-01, -2.8182297e+00, -2.2744268e-01,  4.5690328e-01,
        9.8763585e-01, -9.7051179e-01, -6.6816822e-02, -9.7420084e-01,
        2.5283623e-01,  2.5909036e-01, -1.0395339e+00,  3.6923599e-01,
       -1.3295543e-01, -4.3458518e-02,  5.2850742e-02,  5.4982209e-01,
        7.5501478e-01,  5.1261932e-01, -7.5251049e-01, -6.8010427e-02,
       -8.3205241e-01,  1.4589138e+00, -8.3285058e-01,  2.8792340e-01,
       -7.8703451e-01,  5.2892983e-02,  2.6278946e-01,  3.6365319e-02,
        8.5337542e-02, -1.0792311e+00,  4.5416757e-01,  7.0130968e-01,
       -3.4941745e-01, -1.8653113e-01, -3.0308801e-01, -1.1530117e+00,
       -5.1012236e-01, -6.8965727e-01,  7.9727697e-01, -7.8503650e-01,
        1.0166212e+00, -6.1321998e-01,  3.9914668e-01, -1.6964672e+00,
       -5.5775946e-01,  8.2810336e-01, -2.5052422e-01, -4.9963862e-01,
       -5.0648057e-01, -2.8026378e-01,  3.9326742e-01,  2.7325758e-01,
       -2.9259610e-01, -7.0092934e-01,  2.8715086e-01, -4.7334018e-01,
       -6.6567850e-01, -2.6105434e-02, -7.3041457e-01,  1.1739916e+00,
        1.2577860e-02, -6.2998630e-02,  1.0850635e+00,  8.2364097e-02,
        3.3843148e-01, -8.6028522e-01, -6.2025762e-01, -5.8731246e-01,
        5.6106395e-01, -7.7813756e-01,  6.7377561e-01, -1.3710763e-01,
        2.1998669e-01, -8.5236102e-01, -2.2532907e-01,  2.7838904e-01,
       -1.2775439e+00, -3.4819313e-03, -1.2283345e+00,  3.9895216e-01,
       -1.1057918e+00,  5.8179075e-01, -6.5571129e-01,  6.2760055e-01,
        7.3154205e-01, -3.0299723e-01, -1.8000776e-01,  5.5993736e-01,
        3.0847198e-01,  1.0264876e+00, -9.3513739e-01, -1.2171626e+00,
       -6.0314804e-01, -1.3616320e+00,  1.1315539e-01, -1.6873046e+00,
        5.1847297e-01, -5.7482946e-01, -7.1541965e-01,  2.9872409e-01,
       -1.0712546e+00, -3.1429932e-01, -1.5116674e+00,  1.9658143e-02],
      dtype=float32), array([[ 0.87467676, -0.23692696, -0.05962493, ...,  0.5328726 ,
        -1.7033641 , -2.4012518 ],
       [-0.05678228,  0.71657574,  0.7888392 , ...,  0.46760508,
         0.14950618,  0.04548764],
       [ 0.5907058 , -1.5677749 , -0.08746281, ..., -2.0861611 ,
        -2.9212086 ,  0.9844133 ],
       ...,
       [ 0.3144462 ,  1.0086704 , -0.9063883 , ..., -2.4093401 ,
         0.90706766, -0.96729887],
       [ 0.52911055,  0.12719582,  0.03075695, ...,  0.31929094,
        -3.2910886 , -1.671137  ],
       [ 0.19440542, -1.2849536 , -0.96649724, ..., -1.5684499 ,
         0.47248513,  0.6741649 ]], dtype=float32), array([0.2330515 , 0.28569132, 0.22309968, 0.29097173, 0.36301094,
       0.30610946, 0.08672278, 0.2764532 , 0.16678174, 0.09411825,
       0.23815623, 0.37836885, 0.4031098 , 0.31875888, 0.21382225,
       0.36591813], dtype=float32)]

Model[7]
[array([[-0.374427  ,  0.0709428 ,  0.20999756, ..., -0.6148518 ,
         1.2576197 ,  0.6410045 ],
       [ 0.46836957,  0.15334196,  0.95020115, ..., -0.9037284 ,
         1.5965478 ,  0.00599564],
       [ 0.56378204,  0.17955175, -0.46026656, ..., -0.30154744,
        -1.3803982 , -0.4541313 ],
       ...,
       [ 0.95719445,  0.76130444,  1.0266507 , ...,  0.285014  ,
        -0.97085094, -0.35855067],
       [ 0.8204839 ,  0.58128464,  0.6387847 , ..., -0.5427893 ,
         0.36434686,  0.5124455 ],
       [-0.40535215,  0.99279094, -0.27546534, ..., -0.02825657,
         0.3592701 , -0.17947826]], dtype=float32), array([-0.63432884, -0.5918098 ,  1.1332645 ,  1.0411116 , -0.24154557,
       -2.1612277 ,  0.01129393, -0.5697784 , -0.2500668 ,  0.11978454,
        0.656523  ,  0.09563791, -0.99264747,  0.27631652,  0.5513235 ,
       -0.9310287 , -0.7772574 , -0.7788265 ,  0.22528575, -1.3326311 ,
        0.10074019, -0.3068963 ,  1.2645305 ,  1.4095055 ,  0.15857437,
       -3.094817  , -0.6778172 ,  0.3385772 ,  0.92826337, -1.0471169 ,
       -0.06852794, -1.0669028 ,  0.10159401,  0.0870338 , -1.4048012 ,
        0.29648176, -0.07515084, -0.51095384,  0.32549152,  0.44658682,
        0.62454027,  0.42839944, -0.9973655 , -0.63175684, -0.91950643,
        1.3903815 , -0.91463786,  0.24471164, -0.79301107, -0.12325653,
        0.10098521,  0.14730828, -0.2156331 , -0.71416557,  0.8884027 ,
        0.6599522 , -0.23187816, -0.2612986 , -0.56994224, -1.1703029 ,
       -1.1286224 , -0.8560064 ,  1.0264802 , -0.72586286,  1.0406505 ,
       -0.70576507,  0.3892944 , -1.5148282 , -0.38186055,  0.7354775 ,
       -0.3073764 , -0.44371358, -0.5570182 , -0.39880684,  0.14613411,
        0.24077487, -0.21242343, -1.1862714 , -0.02371658, -0.7683109 ,
       -0.7821087 , -0.4310034 , -0.8348997 ,  1.1721212 , -0.27595755,
       -0.02855943,  1.1485516 ,  0.5254033 , -0.12442531, -0.9252313 ,
       -0.8819623 , -0.8894267 ,  0.7997563 , -0.7558759 ,  0.72780806,
       -0.2756506 ,  0.2464674 , -1.2584727 , -0.32407382, -0.01198224,
       -1.5944246 ,  0.16007088, -1.6375847 ,  0.07079207, -1.275396  ,
        0.32994965, -1.0130336 ,  0.4209451 ,  0.5823098 , -0.4990313 ,
       -0.3765222 ,  0.47491363,  0.01191242,  0.9897769 , -1.0508275 ,
       -1.3599701 , -0.7052995 , -1.6662995 ,  0.3462344 , -1.7619829 ,
        0.22511038, -0.9986219 , -0.65572333,  0.27414644, -1.1669024 ,
       -0.5890642 , -1.9412861 ,  0.19904716], dtype=float32), array([[ 0.38776872, -0.48503947, -0.22441758, ...,  0.35148555,
        -2.289528  , -2.509242  ],
       [ 0.07079276,  0.80120075,  0.9404654 , ...,  0.56102186,
         0.10272794,  0.15327775],
       [ 1.0843973 , -1.4509798 , -1.1910788 , ..., -2.8785899 ,
        -3.493726  ,  1.1429751 ],
       ...,
       [ 0.23716892,  0.72759247, -1.0728053 , ..., -2.9128094 ,
         0.8285181 , -0.96170014],
       [ 0.81226546, -0.24253002, -0.38591504, ...,  0.56722516,
        -2.940908  , -1.7343143 ],
       [ 0.22042511, -1.5006078 , -1.0534823 , ..., -1.4629502 ,
         0.69310904,  0.33948773]], dtype=float32), array([0.37771562, 0.30269513, 0.37784073, 0.34668943, 0.3756894 ,
       0.3213783 , 0.19351092, 0.41882163, 0.25577956, 0.23508304,
       0.3535965 , 0.5491124 , 0.5554254 , 0.40691495, 0.20501426,
       0.46790266], dtype=float32)]

Model[8]
[array([[-0.46739376, -0.07609212,  0.05708027, ..., -0.5225779 ,
         0.99641997,  0.20864527],
       [ 0.05347989,  0.21050924,  1.2970244 , ...,  0.00559369,
         1.7860405 ,  0.18936619],
       [ 0.8409251 , -0.0829549 , -0.34785098, ...,  0.29565653,
        -1.338686  , -0.43853617],
       ...,
       [ 0.7316226 ,  0.8878959 ,  0.99528927, ...,  0.393758  ,
        -0.78338474, -0.49109247],
       [ 0.45846772,  0.12015527,  0.7767911 , ..., -0.02090978,
         0.21283017,  0.44231227],
       [-0.2416296 ,  1.0034021 , -0.31544214, ..., -0.03921052,
         0.863174  , -0.7250896 ]], dtype=float32), array([-0.95854646, -0.8143483 ,  1.0185198 ,  0.57192177, -0.17577802,
       -1.984242  , -0.07914076, -0.20983402, -0.46640828,  0.2741144 ,
        0.41688225, -0.02972347, -1.1762601 , -0.13940826,  0.29371724,
       -1.3788736 , -1.0639215 , -0.7702394 ,  0.1318065 , -1.3414296 ,
        0.13067327, -0.36598396,  1.0789014 ,  1.084502  ,  0.07778572,
       -3.6925128 , -0.8250665 , -0.01197698,  0.6554398 , -1.0885355 ,
        0.02851025, -1.2237155 , -0.1684047 ,  0.02417041, -1.6628062 ,
       -0.03023495, -0.03591544, -0.34746906, -0.18805388,  0.6520746 ,
        0.69695705,  0.4612588 , -0.99665266, -0.6060393 , -0.9379657 ,
        1.2027487 , -0.9489025 ,  0.23576902, -1.0751065 ,  0.27833897,
        0.15229312, -0.07204167, -0.1966342 , -1.0735446 ,  1.3481456 ,
        0.3487466 , -0.48492193, -0.62532943, -0.888076  , -1.2617236 ,
       -1.462497  , -1.2256316 ,  0.95615345, -0.9070062 ,  0.8848695 ,
       -0.78701097,  0.10967921, -1.6139989 , -0.4949539 ,  0.8807694 ,
       -0.5421364 , -0.761488  , -1.043783  , -0.32679862,  0.17156585,
       -0.01333088, -0.08895732, -1.2731109 , -0.07376768, -0.89050907,
       -0.93022066, -0.3815077 , -0.9511764 ,  1.0725796 , -0.02529196,
        0.140875  ,  0.9483997 ,  0.27553588,  0.23847297, -0.6537098 ,
       -0.94618034, -0.6028614 ,  0.39928246, -0.9749561 ,  0.6208951 ,
       -0.606821  , -0.17792194, -1.6517351 , -0.5243718 , -0.1045393 ,
       -1.6997172 , -0.19958991, -1.6358777 , -0.17411762, -1.335834  ,
        0.16021559, -0.9369182 ,  0.47179836,  0.3798903 , -0.73311275,
       -0.15445465,  0.3823638 , -0.4639152 ,  0.9670155 , -1.2081348 ,
       -1.32851   , -0.9018936 , -1.7989599 ,  0.19512329, -1.9270731 ,
        0.46678352, -1.4327784 , -0.7982369 ,  0.30628613, -1.3853531 ,
       -0.5542812 , -2.247287  ,  0.2589423 ], dtype=float32), array([[ 0.28252208,  0.25888434, -0.64184266, ..., -0.05100245,
        -2.0234704 , -2.6959202 ],
       [ 0.1354389 ,  1.0073842 ,  1.199442  , ...,  0.73667055,
         0.30435142,  0.13444316],
       [ 0.68099666, -1.1947869 , -1.6517916 , ..., -3.6177204 ,
        -4.0403004 ,  1.1916943 ],
       ...,
       [ 0.799989  ,  0.9272357 , -1.1484945 , ..., -3.212955  ,
         0.7133717 , -1.4081247 ],
       [ 0.70284545, -0.99968034, -0.35533926, ...,  0.47859713,
        -3.2501187 , -1.56335   ],
       [ 0.3495539 , -1.2955407 , -0.93665546, ..., -1.3163589 ,
         0.7411722 ,  0.36296138]], dtype=float32), array([0.51098835, 0.50229   , 0.58427995, 0.5336085 , 0.4967506 ,
       0.6118815 , 0.41237515, 0.56562513, 0.3829379 , 0.3696051 ,
       0.4447871 , 0.69936067, 0.50199944, 0.5366534 , 0.3172328 ,
       0.5806462 ], dtype=float32)]

Model[9]
[array([[-0.47367033, -0.41179553, -0.6025821 , ..., -0.3824167 ,
         0.927332  ,  0.1946468 ],
       [-0.2065784 ,  0.5175746 ,  1.2412354 , ..., -0.4153254 ,
         1.9959743 ,  0.8455188 ],
       [ 0.45781422,  0.04604232, -0.48133066, ...,  0.23322564,
        -1.0102513 , -1.1419168 ],
       ...,
       [ 0.06887917,  1.0368026 ,  0.7908201 , ...,  0.21961531,
        -0.7573189 , -0.39090443],
       [ 0.01813635,  0.7041486 ,  0.4104281 , ..., -0.1628727 ,
        -0.10007801,  1.0101031 ],
       [-0.33625937,  0.86070985, -0.54894876, ..., -0.11905364,
         1.0695715 , -1.1054859 ]], dtype=float32), array([-1.4139111 , -0.71378314,  0.6871083 ,  0.94536287, -0.42345265,
       -2.3382936 ,  0.15447877, -0.35378036, -0.59172696,  0.01732665,
        0.22629473, -0.39413851, -1.617196  , -0.09460947,  0.09328509,
       -1.5931978 , -1.1915888 , -1.0126917 , -0.1994034 , -1.241826  ,
        0.03954736, -0.2618612 ,  1.035486  ,  1.0065539 , -0.35870147,
       -3.8204641 , -0.79888594,  0.17996399,  0.52229345, -0.95966065,
        0.04754715, -1.2780348 ,  0.20313735,  0.11803707, -1.9603678 ,
       -0.03498698,  0.08866962, -0.38519794, -0.44720697,  0.76924765,
        0.55912936,  0.27564725, -0.91039413, -1.0185695 , -0.8508478 ,
        1.108795  , -0.96860236,  0.0103997 , -0.8690086 , -0.02257734,
        0.20903356, -0.47535387, -0.4298181 , -1.4033463 ,  0.7993383 ,
        0.24920683, -0.32655737, -0.80264497, -0.6061167 , -1.5733689 ,
       -1.5807831 , -1.3740988 ,  1.0190312 , -1.1886014 ,  0.809383  ,
       -0.47782752,  0.00996766, -1.3660579 , -0.5940216 ,  0.7607395 ,
       -0.71531844, -1.0806897 , -1.0603347 , -0.6664015 ,  0.05070166,
       -0.3127998 , -0.68015707, -1.685921  ,  0.21355683, -1.083736  ,
       -0.7910168 , -0.69351435, -1.4645143 ,  0.75232565, -0.19631024,
        0.31010482,  0.79383105,  0.45039216,  0.09355335, -0.8072515 ,
       -1.2284447 , -0.9831791 ,  0.3149963 , -1.0500468 ,  0.62548494,
       -0.9106791 , -0.09090392, -2.0228503 , -0.67570263, -0.20187719,
       -1.6544541 , -0.34110922, -1.6242787 , -0.651549  , -1.353868  ,
       -0.3292454 , -1.3961158 ,  0.62554234,  0.07037315, -0.72648424,
       -0.3019808 ,  0.21252742, -0.7656175 ,  0.83244264, -1.3769718 ,
       -1.7614293 , -1.1958957 , -2.2665765 ,  0.10316392, -1.8438113 ,
        0.24451509, -1.3994058 , -1.0232663 , -0.28972608, -1.2261039 ,
       -0.83034885, -2.6634607 ,  0.1236643 ], dtype=float32), array([[ 0.47610375, -0.3520286 , -0.71493715, ...,  0.49014688,
        -2.4058132 , -2.9600346 ],
       [ 0.27541527,  1.0650282 ,  1.357594  , ...,  0.6955532 ,
         0.3966225 ,  0.3001341 ],
       [ 0.47027746, -0.83487177, -1.6907451 , ..., -3.729775  ,
        -4.77644   ,  1.502099  ],
       ...,
       [ 0.2585334 ,  0.47557274, -1.8062918 , ..., -3.2112432 ,
         0.33919513, -1.1090691 ],
       [ 0.560628  , -0.99466074, -1.0488058 , ...,  0.2975225 ,
        -2.8502283 , -1.7577075 ],
       [ 0.4077564 , -1.1412609 , -0.6734726 , ..., -1.0679125 ,
         0.7882378 ,  0.47064108]], dtype=float32), array([0.7218518 , 0.5791231 , 0.67963344, 0.53912973, 0.6585887 ,
       0.66383046, 0.51731396, 0.656588  , 0.42711982, 0.48855215,
       0.5636721 , 0.82421625, 0.7114064 , 0.7868419 , 0.28736013,
       0.68168896], dtype=float32)]

