Model[0]
[array([[-0.03874445,  0.04823556,  0.04598502, ..., -0.05785903,
        -0.02746823,  0.00980549],
       [-0.000158  ,  0.03513606, -0.03354278, ..., -0.01910533,
         0.00762765,  0.05338715],
       [-0.05358683, -0.00806512,  0.02425191, ..., -0.03806069,
         0.03506756,  0.01174397],
       ...,
       [-0.03474294, -0.04605854,  0.0149939 , ...,  0.04545067,
        -0.02107099, -0.03309551],
       [ 0.01692456,  0.02385329,  0.02373356, ..., -0.00946915,
         0.04860569, -0.00138962],
       [ 0.005535  , -0.04536959, -0.02212144, ...,  0.00249573,
        -0.01354819,  0.02055851]], dtype=float32), array([-0.01232034,  0.00023328,  0.00976114,  0.0121903 , -0.01053737,
       -0.00919286,  0.00661407, -0.01080507, -0.00940773,  0.00937475,
        0.0101947 , -0.01232803,  0.00046476,  0.00666656, -0.00052879,
        0.00477602,  0.00567328, -0.01064088,  0.0080576 , -0.00827379,
       -0.01049849, -0.00837201,  0.0068752 , -0.0015464 , -0.00793206,
        0.01098014, -0.00575749, -0.00731721,  0.0098489 ,  0.0014561 ,
       -0.00690855, -0.0034121 , -0.00689986,  0.00515902, -0.00018065,
       -0.00655238, -0.01183243,  0.00966878, -0.00814785, -0.00607407,
       -0.00886674, -0.01058481, -0.00565927, -0.01109343,  0.01315006,
        0.00381506, -0.00963316, -0.00641512, -0.00568728, -0.0077639 ,
       -0.00369619,  0.01125785, -0.00073917,  0.00571722, -0.0091131 ,
        0.00761087, -0.01166042,  0.00890174,  0.009659  , -0.00986037,
       -0.00714584,  0.01070872, -0.00104778,  0.01175456,  0.00414412,
       -0.00671391, -0.00471345,  0.01008792,  0.00855663,  0.00893416,
        0.00482462, -0.01002366, -0.00401043, -0.01017911,  0.00067419,
        0.01118028,  0.01137885, -0.00477004, -0.01263331,  0.00361134,
        0.00751372,  0.01094042, -0.01314587,  0.00651925,  0.00677262,
       -0.00794336,  0.00720814,  0.0079203 ,  0.0077363 ,  0.00974898,
       -0.00827137,  0.00988621,  0.01262037, -0.00950042,  0.00896831,
        0.01004543, -0.00953042, -0.00128257,  0.01019063,  0.00449852,
       -0.00598671, -0.00616492, -0.01073507, -0.00658756, -0.00794273,
       -0.01096996, -0.00198668, -0.00793683, -0.00773581, -0.00715479,
        0.00379617, -0.00348379,  0.00967254,  0.01329315,  0.00936034,
       -0.00226722, -0.01168628, -0.00980251,  0.00280698, -0.00952453,
        0.01031622, -0.01041578, -0.00870116, -0.00128694, -0.00317761,
       -0.0034796 ,  0.00870191, -0.00254695], dtype=float32), array([[ 0.02045697,  0.01489426, -0.04490236, ..., -0.02295396,
        -0.00654504, -0.0331911 ],
       [ 0.00135181,  0.02071528,  0.0205399 , ...,  0.00324912,
        -0.04463953, -0.03849501],
       [ 0.00910744, -0.05754779,  0.02774033, ...,  0.01223042,
        -0.03279419, -0.01559165],
       ...,
       [ 0.03042762, -0.05280093, -0.0115712 , ...,  0.04522358,
        -0.02805092,  0.04297381],
       [ 0.03034792,  0.03862954, -0.05831613, ...,  0.02341131,
        -0.02506007, -0.0052927 ],
       [-0.01654342, -0.00328075, -0.00112194, ...,  0.01640833,
         0.01502173, -0.0213332 ]], dtype=float32), array([-0.00599234, -0.00845071, -0.0084503 , -0.00522389,  0.        ,
       -0.01030506,  0.        , -0.00845628,  0.        ,  0.        ,
       -0.01029276,  0.        ,  0.        ,  0.        ,  0.        ,
       -0.00600184], dtype=float32)]

Model[1]
[array([[-0.08376028,  0.09863071,  0.09694859, ..., -0.00647865,
         0.02460471, -0.03883656],
       [-0.02082203,  0.07633834,  0.00772865, ...,  0.02240024,
         0.04918584,  0.01348544],
       [-0.08270027, -0.03664602, -0.00434229, ..., -0.06666247,
         0.00642342,  0.03984584],
       ...,
       [-0.06359628, -0.0748202 , -0.01375286, ...,  0.01671668,
        -0.04983294, -0.0045072 ],
       [-0.01203598, -0.00495122, -0.00502325, ..., -0.03827561,
         0.01973778,  0.02732204],
       [-0.0272396 ,  0.00886731,  0.03272219, ...,  0.05774634,
         0.04238132, -0.03179001]], dtype=float32), array([-0.04375651, -0.02693266, -0.0176933 ,  0.03736415,  0.01518241,
        0.01648439, -0.02055927,  0.01387663,  0.01503627, -0.01771857,
       -0.0190888 ,  0.01265075,  0.02460125, -0.0204754 ,  0.02509183,
        0.03018833, -0.02145692,  0.01475757,  0.03375036,  0.01613998,
        0.01470171, -0.03560805,  0.02942013, -0.02868515, -0.03543241,
       -0.0162223 ,  0.019514  , -0.03535497,  0.03465839, -0.02623213,
       -0.04112603, -0.03128325,  0.01870145, -0.02267048, -0.02860786,
       -0.03749363, -0.04731029,  0.03458398,  0.01111013, -0.0350162 ,
       -0.03636401,  0.01188304,  0.00980679, -0.03895471,  0.03870462,
        0.02792579, -0.03733663, -0.03396282, -0.03625842, -0.03553802,
       -0.03170034,  0.03670948,  0.02448449, -0.021504  ,  0.01324403,
        0.03312306,  0.00356384, -0.02059352,  0.03539009,  0.01445687,
        0.01517126,  0.03544035, -0.03058326,  0.03673176, -0.04299799,
       -0.03477931,  0.01839018, -0.01858807, -0.01860801,  0.03414236,
        0.02883118, -0.06705087, -0.03147561, -0.03734438, -0.02796436,
       -0.01609009, -0.01589128, -0.0355926 ,  0.00833753,  0.02840005,
        0.03310293,  0.03607633,  0.0098792 , -0.02072543,  0.03247109,
        0.01729425, -0.02018179,  0.03096229,  0.03295874,  0.00018195,
        0.01641596, -0.01743655,  0.03680214,  0.01408325, -0.01960737,
        0.03101754,  0.01452446,  0.01911822,  0.03568729, -0.02275081,
       -0.05048513,  0.01932759,  0.01051128, -0.03364095,  0.01774462,
       -0.0381341 , -0.02978687,  0.01735308, -0.0351795 ,  0.01855495,
       -0.0237684 ,  0.02203122, -0.01749546,  0.03803164,  0.03476024,
       -0.0326447 ,  0.01277156,  0.00325918,  0.02849987, -0.03694386,
        0.03335558, -0.0377037 , -0.03650658, -0.03035734, -0.03029484,
       -0.03109199, -0.01910166,  0.02153263], dtype=float32), array([[ 0.02045697,  0.01489426, -0.04490236, ..., -0.02295396,
         0.01981901, -0.0331911 ],
       [ 0.00135181,  0.02071528,  0.0205399 , ...,  0.00324912,
        -0.01862537, -0.03849501],
       [ 0.00910744, -0.05754779,  0.02774033, ...,  0.01223042,
        -0.00621192, -0.01559165],
       ...,
       [ 0.03042762, -0.05280093, -0.0115712 , ...,  0.04522358,
        -0.00182059,  0.04297381],
       [ 0.03034792,  0.03862954, -0.05831613, ...,  0.02341131,
         0.00165213, -0.0052927 ],
       [-0.01654342, -0.00328075, -0.00112194, ...,  0.01640833,
         0.04097057, -0.0213332 ]], dtype=float32), array([-0.00599234, -0.00845071, -0.0084503 , -0.00522389,  0.        ,
       -0.01030506,  0.        , -0.00845628,  0.        , -0.02902073,
       -0.01029276,  0.        , -0.02901487,  0.        ,  0.02641659,
       -0.00600184], dtype=float32)]

Model[2]
[array([[-0.08376028,  0.09863071,  0.09694859, ..., -0.00647865,
         0.02460471, -0.03883656],
       [-0.02082203,  0.07633834,  0.00772865, ...,  0.02240024,
         0.04918584,  0.01348544],
       [-0.08270027, -0.03664602, -0.00434229, ..., -0.06666247,
         0.00642342,  0.03984584],
       ...,
       [-0.06359628, -0.0748202 , -0.01375286, ...,  0.01671668,
        -0.04983294, -0.0045072 ],
       [-0.01203598, -0.00495122, -0.00502325, ..., -0.03827561,
         0.01973778,  0.02732204],
       [-0.0272396 ,  0.00886731,  0.03272219, ...,  0.05774634,
         0.04238132, -0.03179001]], dtype=float32), array([-0.04375651, -0.02693266, -0.0176933 ,  0.03736415,  0.01518241,
        0.01648439, -0.02055927,  0.01387663,  0.01503627, -0.01771857,
       -0.0190888 ,  0.01265075,  0.02460125, -0.0204754 ,  0.02509183,
        0.03018833, -0.02145692,  0.01475757,  0.03375036,  0.01613998,
        0.01470171, -0.03560805,  0.02942013, -0.02868515, -0.03543241,
       -0.0162223 ,  0.019514  , -0.03535497,  0.03465839, -0.02623213,
       -0.04112603, -0.03128325,  0.01870145, -0.02267048, -0.02860786,
       -0.03749363, -0.04731029,  0.03458398,  0.01111013, -0.0350162 ,
       -0.03636401,  0.01188304,  0.00980679, -0.03895471,  0.03870462,
        0.02792579, -0.03733663, -0.03396282, -0.03625842, -0.03553802,
       -0.03170034,  0.03670948,  0.02448449, -0.021504  ,  0.01324403,
        0.03312306,  0.00356384, -0.02059352,  0.03539009,  0.01445687,
        0.01517126,  0.03544035, -0.03058326,  0.03673176, -0.04299799,
       -0.03477931,  0.01839018, -0.01858807, -0.01860801,  0.03414236,
        0.02883118, -0.06705087, -0.03147561, -0.03734438, -0.02796436,
       -0.01609009, -0.01589128, -0.0355926 ,  0.00833753,  0.02840005,
        0.03310293,  0.03607633,  0.0098792 , -0.02072543,  0.03247109,
        0.01729425, -0.02018179,  0.03096229,  0.03295874,  0.00018195,
        0.01641596, -0.01743655,  0.03680214,  0.01408325, -0.01960737,
        0.03101754,  0.01452446,  0.01911822,  0.03568729, -0.02275081,
       -0.05048513,  0.01932759,  0.01051128, -0.03364095,  0.01774462,
       -0.0381341 , -0.02978687,  0.01735308, -0.0351795 ,  0.01855495,
       -0.0237684 ,  0.02203122, -0.01749546,  0.03803164,  0.03476024,
       -0.0326447 ,  0.01277156,  0.00325918,  0.02849987, -0.03694386,
        0.03335558, -0.0377037 , -0.03650658, -0.03035734, -0.03029484,
       -0.03109199, -0.01910166,  0.02153263], dtype=float32), array([[ 0.02045697,  0.01489426, -0.04490236, ..., -0.02295396,
         0.01981901, -0.0331911 ],
       [ 0.00135181,  0.02071528,  0.0205399 , ...,  0.00324912,
        -0.01862537, -0.03849501],
       [ 0.00910744, -0.05754779,  0.02774033, ...,  0.01223042,
        -0.00621192, -0.01559165],
       ...,
       [ 0.03042762, -0.05280093, -0.0115712 , ...,  0.04522358,
        -0.00182059,  0.04297381],
       [ 0.03034792,  0.03862954, -0.05831613, ...,  0.02341131,
         0.00165213, -0.0052927 ],
       [-0.01654342, -0.00328075, -0.00112194, ...,  0.01640833,
         0.04097057, -0.0213332 ]], dtype=float32), array([-0.00599234, -0.00845071, -0.0084503 , -0.00522389,  0.        ,
       -0.01030506,  0.        , -0.00845628,  0.        , -0.02902073,
       -0.01029276,  0.        , -0.02901487,  0.        ,  0.02641659,
       -0.00600184], dtype=float32)]

Model[3]
[array([[-0.08376028,  0.09863071,  0.09694859, ..., -0.00647865,
         0.02460471, -0.03883656],
       [-0.02082203,  0.07633834,  0.00772865, ...,  0.02240024,
         0.04918584,  0.01348544],
       [-0.08270027, -0.03664602, -0.00434229, ..., -0.06666247,
         0.00642342,  0.03984584],
       ...,
       [-0.06359628, -0.0748202 , -0.01375286, ...,  0.01671668,
        -0.04983294, -0.0045072 ],
       [-0.01203598, -0.00495122, -0.00502325, ..., -0.03827561,
         0.01973778,  0.02732204],
       [-0.0272396 ,  0.00886731,  0.03272219, ...,  0.05774634,
         0.04238132, -0.03179001]], dtype=float32), array([-0.04375651, -0.02693266, -0.0176933 ,  0.03736415,  0.01518241,
        0.01648439, -0.02055927,  0.01387663,  0.01503627, -0.01771857,
       -0.0190888 ,  0.01265075,  0.02460125, -0.0204754 ,  0.02509183,
        0.03018833, -0.02145692,  0.01475757,  0.03375036,  0.01613998,
        0.01470171, -0.03560805,  0.02942013, -0.02868515, -0.03543241,
       -0.0162223 ,  0.019514  , -0.03535497,  0.03465839, -0.02623213,
       -0.04112603, -0.03128325,  0.01870145, -0.02267048, -0.02860786,
       -0.03749363, -0.04731029,  0.03458398,  0.01111013, -0.0350162 ,
       -0.03636401,  0.01188304,  0.00980679, -0.03895471,  0.03870462,
        0.02792579, -0.03733663, -0.03396282, -0.03625842, -0.03553802,
       -0.03170034,  0.03670948,  0.02448449, -0.021504  ,  0.01324403,
        0.03312306,  0.00356384, -0.02059352,  0.03539009,  0.01445687,
        0.01517126,  0.03544035, -0.03058326,  0.03673176, -0.04299799,
       -0.03477931,  0.01839018, -0.01858807, -0.01860801,  0.03414236,
        0.02883118, -0.06705087, -0.03147561, -0.03734438, -0.02796436,
       -0.01609009, -0.01589128, -0.0355926 ,  0.00833753,  0.02840005,
        0.03310293,  0.03607633,  0.0098792 , -0.02072543,  0.03247109,
        0.01729425, -0.02018179,  0.03096229,  0.03295874,  0.00018195,
        0.01641596, -0.01743655,  0.03680214,  0.01408325, -0.01960737,
        0.03101754,  0.01452446,  0.01911822,  0.03568729, -0.02275081,
       -0.05048513,  0.01932759,  0.01051128, -0.03364095,  0.01774462,
       -0.0381341 , -0.02978687,  0.01735308, -0.0351795 ,  0.01855495,
       -0.0237684 ,  0.02203122, -0.01749546,  0.03803164,  0.03476024,
       -0.0326447 ,  0.01277156,  0.00325918,  0.02849987, -0.03694386,
        0.03335558, -0.0377037 , -0.03650658, -0.03035734, -0.03029484,
       -0.03109199, -0.01910166,  0.02153263], dtype=float32), array([[ 0.02045697,  0.01489426, -0.04490236, ..., -0.02295396,
         0.01981901, -0.0331911 ],
       [ 0.00135181,  0.02071528,  0.0205399 , ...,  0.00324912,
        -0.01862537, -0.03849501],
       [ 0.00910744, -0.05754779,  0.02774033, ...,  0.01223042,
        -0.00621192, -0.01559165],
       ...,
       [ 0.03042762, -0.05280093, -0.0115712 , ...,  0.04522358,
        -0.00182059,  0.04297381],
       [ 0.03034792,  0.03862954, -0.05831613, ...,  0.02341131,
         0.00165213, -0.0052927 ],
       [-0.01654342, -0.00328075, -0.00112194, ...,  0.01640833,
         0.04097057, -0.0213332 ]], dtype=float32), array([-0.00599234, -0.00845071, -0.0084503 , -0.00522389,  0.        ,
       -0.01030506,  0.        , -0.00845628,  0.        , -0.02902073,
       -0.01029276,  0.        , -0.02901487,  0.        ,  0.02641659,
       -0.00600184], dtype=float32)]

Model[4]
[array([[-0.08376028,  0.09863071,  0.09694859, ..., -0.00647865,
         0.02460471, -0.03883656],
       [-0.02082203,  0.07633834,  0.00772865, ...,  0.02240024,
         0.04918584,  0.01348544],
       [-0.08270027, -0.03664602, -0.00434229, ..., -0.06666247,
         0.00642342,  0.03984584],
       ...,
       [-0.06359628, -0.0748202 , -0.01375286, ...,  0.01671668,
        -0.04983294, -0.0045072 ],
       [-0.01203598, -0.00495122, -0.00502325, ..., -0.03827561,
         0.01973778,  0.02732204],
       [-0.0272396 ,  0.00886731,  0.03272219, ...,  0.05774634,
         0.04238132, -0.03179001]], dtype=float32), array([-0.04375651, -0.02693266, -0.0176933 ,  0.03736415,  0.01518241,
        0.01648439, -0.02055927,  0.01387663,  0.01503627, -0.01771857,
       -0.0190888 ,  0.01265075,  0.02460125, -0.0204754 ,  0.02509183,
        0.03018833, -0.02145692,  0.01475757,  0.03375036,  0.01613998,
        0.01470171, -0.03560805,  0.02942013, -0.02868515, -0.03543241,
       -0.0162223 ,  0.019514  , -0.03535497,  0.03465839, -0.02623213,
       -0.04112603, -0.03128325,  0.01870145, -0.02267048, -0.02860786,
       -0.03749363, -0.04731029,  0.03458398,  0.01111013, -0.0350162 ,
       -0.03636401,  0.01188304,  0.00980679, -0.03895471,  0.03870462,
        0.02792579, -0.03733663, -0.03396282, -0.03625842, -0.03553802,
       -0.03170034,  0.03670948,  0.02448449, -0.021504  ,  0.01324403,
        0.03312306,  0.00356384, -0.02059352,  0.03539009,  0.01445687,
        0.01517126,  0.03544035, -0.03058326,  0.03673176, -0.04299799,
       -0.03477931,  0.01839018, -0.01858807, -0.01860801,  0.03414236,
        0.02883118, -0.06705087, -0.03147561, -0.03734438, -0.02796436,
       -0.01609009, -0.01589128, -0.0355926 ,  0.00833753,  0.02840005,
        0.03310293,  0.03607633,  0.0098792 , -0.02072543,  0.03247109,
        0.01729425, -0.02018179,  0.03096229,  0.03295874,  0.00018195,
        0.01641596, -0.01743655,  0.03680214,  0.01408325, -0.01960737,
        0.03101754,  0.01452446,  0.01911822,  0.03568729, -0.02275081,
       -0.05048513,  0.01932759,  0.01051128, -0.03364095,  0.01774462,
       -0.0381341 , -0.02978687,  0.01735308, -0.0351795 ,  0.01855495,
       -0.0237684 ,  0.02203122, -0.01749546,  0.03803164,  0.03476024,
       -0.0326447 ,  0.01277156,  0.00325918,  0.02849987, -0.03694386,
        0.03335558, -0.0377037 , -0.03650658, -0.03035734, -0.03029484,
       -0.03109199, -0.01910166,  0.02153263], dtype=float32), array([[ 0.02045697,  0.01489426, -0.04490236, ..., -0.02295396,
         0.01981901, -0.0331911 ],
       [ 0.00135181,  0.02071528,  0.0205399 , ...,  0.00324912,
        -0.01862537, -0.03849501],
       [ 0.00910744, -0.05754779,  0.02774033, ...,  0.01223042,
        -0.00621192, -0.01559165],
       ...,
       [ 0.03042762, -0.05280093, -0.0115712 , ...,  0.04522358,
        -0.00182059,  0.04297381],
       [ 0.03034792,  0.03862954, -0.05831613, ...,  0.02341131,
         0.00165213, -0.0052927 ],
       [-0.01654342, -0.00328075, -0.00112194, ...,  0.01640833,
         0.04097057, -0.0213332 ]], dtype=float32), array([-0.00599234, -0.00845071, -0.0084503 , -0.00522389,  0.        ,
       -0.01030506,  0.        , -0.00845628,  0.        , -0.02902073,
       -0.01029276,  0.        , -0.02901487,  0.        ,  0.02641659,
       -0.00600184], dtype=float32)]

Model[5]
[array([[-0.08376028,  0.09863071,  0.09694859, ..., -0.00647865,
         0.02460471, -0.03883656],
       [-0.02082203,  0.07633834,  0.00772865, ...,  0.02240024,
         0.04918584,  0.01348544],
       [-0.08270027, -0.03664602, -0.00434229, ..., -0.06666247,
         0.00642342,  0.03984584],
       ...,
       [-0.06359628, -0.0748202 , -0.01375286, ...,  0.01671668,
        -0.04983294, -0.0045072 ],
       [-0.01203598, -0.00495122, -0.00502325, ..., -0.03827561,
         0.01973778,  0.02732204],
       [-0.0272396 ,  0.00886731,  0.03272219, ...,  0.05774634,
         0.04238132, -0.03179001]], dtype=float32), array([-0.04375651, -0.02693266, -0.0176933 ,  0.03736415,  0.01518241,
        0.01648439, -0.02055927,  0.01387663,  0.01503627, -0.01771857,
       -0.0190888 ,  0.01265075,  0.02460125, -0.0204754 ,  0.02509183,
        0.03018833, -0.02145692,  0.01475757,  0.03375036,  0.01613998,
        0.01470171, -0.03560805,  0.02942013, -0.02868515, -0.03543241,
       -0.0162223 ,  0.019514  , -0.03535497,  0.03465839, -0.02623213,
       -0.04112603, -0.03128325,  0.01870145, -0.02267048, -0.02860786,
       -0.03749363, -0.04731029,  0.03458398,  0.01111013, -0.0350162 ,
       -0.03636401,  0.01188304,  0.00980679, -0.03895471,  0.03870462,
        0.02792579, -0.03733663, -0.03396282, -0.03625842, -0.03553802,
       -0.03170034,  0.03670948,  0.02448449, -0.021504  ,  0.01324403,
        0.03312306,  0.00356384, -0.02059352,  0.03539009,  0.01445687,
        0.01517126,  0.03544035, -0.03058326,  0.03673176, -0.04299799,
       -0.03477931,  0.01839018, -0.01858807, -0.01860801,  0.03414236,
        0.02883118, -0.06705087, -0.03147561, -0.03734438, -0.02796436,
       -0.01609009, -0.01589128, -0.0355926 ,  0.00833753,  0.02840005,
        0.03310293,  0.03607633,  0.0098792 , -0.02072543,  0.03247109,
        0.01729425, -0.02018179,  0.03096229,  0.03295874,  0.00018195,
        0.01641596, -0.01743655,  0.03680214,  0.01408325, -0.01960737,
        0.03101754,  0.01452446,  0.01911822,  0.03568729, -0.02275081,
       -0.05048513,  0.01932759,  0.01051128, -0.03364095,  0.01774462,
       -0.0381341 , -0.02978687,  0.01735308, -0.0351795 ,  0.01855495,
       -0.0237684 ,  0.02203122, -0.01749546,  0.03803164,  0.03476024,
       -0.0326447 ,  0.01277156,  0.00325918,  0.02849987, -0.03694386,
        0.03335558, -0.0377037 , -0.03650658, -0.03035734, -0.03029484,
       -0.03109199, -0.01910166,  0.02153263], dtype=float32), array([[ 0.02045697,  0.01489426, -0.04490236, ..., -0.02295396,
         0.01981901, -0.0331911 ],
       [ 0.00135181,  0.02071528,  0.0205399 , ...,  0.00324912,
        -0.01862537, -0.03849501],
       [ 0.00910744, -0.05754779,  0.02774033, ...,  0.01223042,
        -0.00621192, -0.01559165],
       ...,
       [ 0.03042762, -0.05280093, -0.0115712 , ...,  0.04522358,
        -0.00182059,  0.04297381],
       [ 0.03034792,  0.03862954, -0.05831613, ...,  0.02341131,
         0.00165213, -0.0052927 ],
       [-0.01654342, -0.00328075, -0.00112194, ...,  0.01640833,
         0.04097057, -0.0213332 ]], dtype=float32), array([-0.00599234, -0.00845071, -0.0084503 , -0.00522389,  0.        ,
       -0.01030506,  0.        , -0.00845628,  0.        , -0.02902073,
       -0.01029276,  0.        , -0.02901487,  0.        ,  0.02641659,
       -0.00600184], dtype=float32)]

Model[6]
[array([[-0.08376028,  0.09863071,  0.09694859, ..., -0.00647865,
         0.02460471, -0.03883656],
       [-0.02082203,  0.07633834,  0.00772865, ...,  0.02240024,
         0.04918584,  0.01348544],
       [-0.08270027, -0.03664602, -0.00434229, ..., -0.06666247,
         0.00642342,  0.03984584],
       ...,
       [-0.06359628, -0.0748202 , -0.01375286, ...,  0.01671668,
        -0.04983294, -0.0045072 ],
       [-0.01203598, -0.00495122, -0.00502325, ..., -0.03827561,
         0.01973778,  0.02732204],
       [-0.0272396 ,  0.00886731,  0.03272219, ...,  0.05774634,
         0.04238132, -0.03179001]], dtype=float32), array([-0.04375651, -0.02693266, -0.0176933 ,  0.03736415,  0.01518241,
        0.01648439, -0.02055927,  0.01387663,  0.01503627, -0.01771857,
       -0.0190888 ,  0.01265075,  0.02460125, -0.0204754 ,  0.02509183,
        0.03018833, -0.02145692,  0.01475757,  0.03375036,  0.01613998,
        0.01470171, -0.03560805,  0.02942013, -0.02868515, -0.03543241,
       -0.0162223 ,  0.019514  , -0.03535497,  0.03465839, -0.02623213,
       -0.04112603, -0.03128325,  0.01870145, -0.02267048, -0.02860786,
       -0.03749363, -0.04731029,  0.03458398,  0.01111013, -0.0350162 ,
       -0.03636401,  0.01188304,  0.00980679, -0.03895471,  0.03870462,
        0.02792579, -0.03733663, -0.03396282, -0.03625842, -0.03553802,
       -0.03170034,  0.03670948,  0.02448449, -0.021504  ,  0.01324403,
        0.03312306,  0.00356384, -0.02059352,  0.03539009,  0.01445687,
        0.01517126,  0.03544035, -0.03058326,  0.03673176, -0.04299799,
       -0.03477931,  0.01839018, -0.01858807, -0.01860801,  0.03414236,
        0.02883118, -0.06705087, -0.03147561, -0.03734438, -0.02796436,
       -0.01609009, -0.01589128, -0.0355926 ,  0.00833753,  0.02840005,
        0.03310293,  0.03607633,  0.0098792 , -0.02072543,  0.03247109,
        0.01729425, -0.02018179,  0.03096229,  0.03295874,  0.00018195,
        0.01641596, -0.01743655,  0.03680214,  0.01408325, -0.01960737,
        0.03101754,  0.01452446,  0.01911822,  0.03568729, -0.02275081,
       -0.05048513,  0.01932759,  0.01051128, -0.03364095,  0.01774462,
       -0.0381341 , -0.02978687,  0.01735308, -0.0351795 ,  0.01855495,
       -0.0237684 ,  0.02203122, -0.01749546,  0.03803164,  0.03476024,
       -0.0326447 ,  0.01277156,  0.00325918,  0.02849987, -0.03694386,
        0.03335558, -0.0377037 , -0.03650658, -0.03035734, -0.03029484,
       -0.03109199, -0.01910166,  0.02153263], dtype=float32), array([[ 0.02045697,  0.01489426, -0.04490236, ..., -0.02295396,
         0.01981901, -0.0331911 ],
       [ 0.00135181,  0.02071528,  0.0205399 , ...,  0.00324912,
        -0.01862537, -0.03849501],
       [ 0.00910744, -0.05754779,  0.02774033, ...,  0.01223042,
        -0.00621192, -0.01559165],
       ...,
       [ 0.03042762, -0.05280093, -0.0115712 , ...,  0.04522358,
        -0.00182059,  0.04297381],
       [ 0.03034792,  0.03862954, -0.05831613, ...,  0.02341131,
         0.00165213, -0.0052927 ],
       [-0.01654342, -0.00328075, -0.00112194, ...,  0.01640833,
         0.04097057, -0.0213332 ]], dtype=float32), array([-0.00599234, -0.00845071, -0.0084503 , -0.00522389,  0.        ,
       -0.01030506,  0.        , -0.00845628,  0.        , -0.02902073,
       -0.01029276,  0.        , -0.02901487,  0.        ,  0.02641659,
       -0.00600184], dtype=float32)]

Model[7]
[array([[-0.08376028,  0.09863071,  0.09694859, ..., -0.00647865,
         0.02460471, -0.03883656],
       [-0.02082203,  0.07633834,  0.00772865, ...,  0.02240024,
         0.04918584,  0.01348544],
       [-0.08270027, -0.03664602, -0.00434229, ..., -0.06666247,
         0.00642342,  0.03984584],
       ...,
       [-0.06359628, -0.0748202 , -0.01375286, ...,  0.01671668,
        -0.04983294, -0.0045072 ],
       [-0.01203598, -0.00495122, -0.00502325, ..., -0.03827561,
         0.01973778,  0.02732204],
       [-0.0272396 ,  0.00886731,  0.03272219, ...,  0.05774634,
         0.04238132, -0.03179001]], dtype=float32), array([-0.04375651, -0.02693266, -0.0176933 ,  0.03736415,  0.01518241,
        0.01648439, -0.02055927,  0.01387663,  0.01503627, -0.01771857,
       -0.0190888 ,  0.01265075,  0.02460125, -0.0204754 ,  0.02509183,
        0.03018833, -0.02145692,  0.01475757,  0.03375036,  0.01613998,
        0.01470171, -0.03560805,  0.02942013, -0.02868515, -0.03543241,
       -0.0162223 ,  0.019514  , -0.03535497,  0.03465839, -0.02623213,
       -0.04112603, -0.03128325,  0.01870145, -0.02267048, -0.02860786,
       -0.03749363, -0.04731029,  0.03458398,  0.01111013, -0.0350162 ,
       -0.03636401,  0.01188304,  0.00980679, -0.03895471,  0.03870462,
        0.02792579, -0.03733663, -0.03396282, -0.03625842, -0.03553802,
       -0.03170034,  0.03670948,  0.02448449, -0.021504  ,  0.01324403,
        0.03312306,  0.00356384, -0.02059352,  0.03539009,  0.01445687,
        0.01517126,  0.03544035, -0.03058326,  0.03673176, -0.04299799,
       -0.03477931,  0.01839018, -0.01858807, -0.01860801,  0.03414236,
        0.02883118, -0.06705087, -0.03147561, -0.03734438, -0.02796436,
       -0.01609009, -0.01589128, -0.0355926 ,  0.00833753,  0.02840005,
        0.03310293,  0.03607633,  0.0098792 , -0.02072543,  0.03247109,
        0.01729425, -0.02018179,  0.03096229,  0.03295874,  0.00018195,
        0.01641596, -0.01743655,  0.03680214,  0.01408325, -0.01960737,
        0.03101754,  0.01452446,  0.01911822,  0.03568729, -0.02275081,
       -0.05048513,  0.01932759,  0.01051128, -0.03364095,  0.01774462,
       -0.0381341 , -0.02978687,  0.01735308, -0.0351795 ,  0.01855495,
       -0.0237684 ,  0.02203122, -0.01749546,  0.03803164,  0.03476024,
       -0.0326447 ,  0.01277156,  0.00325918,  0.02849987, -0.03694386,
        0.03335558, -0.0377037 , -0.03650658, -0.03035734, -0.03029484,
       -0.03109199, -0.01910166,  0.02153263], dtype=float32), array([[ 0.02045697,  0.01489426, -0.04490236, ..., -0.02295396,
         0.01981901, -0.0331911 ],
       [ 0.00135181,  0.02071528,  0.0205399 , ...,  0.00324912,
        -0.01862537, -0.03849501],
       [ 0.00910744, -0.05754779,  0.02774033, ...,  0.01223042,
        -0.00621192, -0.01559165],
       ...,
       [ 0.03042762, -0.05280093, -0.0115712 , ...,  0.04522358,
        -0.00182059,  0.04297381],
       [ 0.03034792,  0.03862954, -0.05831613, ...,  0.02341131,
         0.00165213, -0.0052927 ],
       [-0.01654342, -0.00328075, -0.00112194, ...,  0.01640833,
         0.04097057, -0.0213332 ]], dtype=float32), array([-0.00599234, -0.00845071, -0.0084503 , -0.00522389,  0.        ,
       -0.01030506,  0.        , -0.00845628,  0.        , -0.02902073,
       -0.01029276,  0.        , -0.02901487,  0.        ,  0.02641659,
       -0.00600184], dtype=float32)]

Model[8]
[array([[-0.08376028,  0.09863071,  0.09694859, ..., -0.00647865,
         0.02460471, -0.03883656],
       [-0.02082203,  0.07633834,  0.00772865, ...,  0.02240024,
         0.04918584,  0.01348544],
       [-0.08270027, -0.03664602, -0.00434229, ..., -0.06666247,
         0.00642342,  0.03984584],
       ...,
       [-0.06359628, -0.0748202 , -0.01375286, ...,  0.01671668,
        -0.04983294, -0.0045072 ],
       [-0.01203598, -0.00495122, -0.00502325, ..., -0.03827561,
         0.01973778,  0.02732204],
       [-0.0272396 ,  0.00886731,  0.03272219, ...,  0.05774634,
         0.04238132, -0.03179001]], dtype=float32), array([-0.04375651, -0.02693266, -0.0176933 ,  0.03736415,  0.01518241,
        0.01648439, -0.02055927,  0.01387663,  0.01503627, -0.01771857,
       -0.0190888 ,  0.01265075,  0.02460125, -0.0204754 ,  0.02509183,
        0.03018833, -0.02145692,  0.01475757,  0.03375036,  0.01613998,
        0.01470171, -0.03560805,  0.02942013, -0.02868515, -0.03543241,
       -0.0162223 ,  0.019514  , -0.03535497,  0.03465839, -0.02623213,
       -0.04112603, -0.03128325,  0.01870145, -0.02267048, -0.02860786,
       -0.03749363, -0.04731029,  0.03458398,  0.01111013, -0.0350162 ,
       -0.03636401,  0.01188304,  0.00980679, -0.03895471,  0.03870462,
        0.02792579, -0.03733663, -0.03396282, -0.03625842, -0.03553802,
       -0.03170034,  0.03670948,  0.02448449, -0.021504  ,  0.01324403,
        0.03312306,  0.00356384, -0.02059352,  0.03539009,  0.01445687,
        0.01517126,  0.03544035, -0.03058326,  0.03673176, -0.04299799,
       -0.03477931,  0.01839018, -0.01858807, -0.01860801,  0.03414236,
        0.02883118, -0.06705087, -0.03147561, -0.03734438, -0.02796436,
       -0.01609009, -0.01589128, -0.0355926 ,  0.00833753,  0.02840005,
        0.03310293,  0.03607633,  0.0098792 , -0.02072543,  0.03247109,
        0.01729425, -0.02018179,  0.03096229,  0.03295874,  0.00018195,
        0.01641596, -0.01743655,  0.03680214,  0.01408325, -0.01960737,
        0.03101754,  0.01452446,  0.01911822,  0.03568729, -0.02275081,
       -0.05048513,  0.01932759,  0.01051128, -0.03364095,  0.01774462,
       -0.0381341 , -0.02978687,  0.01735308, -0.0351795 ,  0.01855495,
       -0.0237684 ,  0.02203122, -0.01749546,  0.03803164,  0.03476024,
       -0.0326447 ,  0.01277156,  0.00325918,  0.02849987, -0.03694386,
        0.03335558, -0.0377037 , -0.03650658, -0.03035734, -0.03029484,
       -0.03109199, -0.01910166,  0.02153263], dtype=float32), array([[ 0.02045697,  0.01489426, -0.04490236, ..., -0.02295396,
         0.01981901, -0.0331911 ],
       [ 0.00135181,  0.02071528,  0.0205399 , ...,  0.00324912,
        -0.01862537, -0.03849501],
       [ 0.00910744, -0.05754779,  0.02774033, ...,  0.01223042,
        -0.00621192, -0.01559165],
       ...,
       [ 0.03042762, -0.05280093, -0.0115712 , ...,  0.04522358,
        -0.00182059,  0.04297381],
       [ 0.03034792,  0.03862954, -0.05831613, ...,  0.02341131,
         0.00165213, -0.0052927 ],
       [-0.01654342, -0.00328075, -0.00112194, ...,  0.01640833,
         0.04097057, -0.0213332 ]], dtype=float32), array([-0.00599234, -0.00845071, -0.0084503 , -0.00522389,  0.        ,
       -0.01030506,  0.        , -0.00845628,  0.        , -0.02902073,
       -0.01029276,  0.        , -0.02901487,  0.        ,  0.02641659,
       -0.00600184], dtype=float32)]

Model[9]
[array([[-0.08376028,  0.09863071,  0.09694859, ..., -0.00647865,
         0.02460471, -0.03883656],
       [-0.02082203,  0.07633834,  0.00772865, ...,  0.02240024,
         0.04918584,  0.01348544],
       [-0.08270027, -0.03664602, -0.00434229, ..., -0.06666247,
         0.00642342,  0.03984584],
       ...,
       [-0.06359628, -0.0748202 , -0.01375286, ...,  0.01671668,
        -0.04983294, -0.0045072 ],
       [-0.01203598, -0.00495122, -0.00502325, ..., -0.03827561,
         0.01973778,  0.02732204],
       [-0.0272396 ,  0.00886731,  0.03272219, ...,  0.05774634,
         0.04238132, -0.03179001]], dtype=float32), array([-0.04375651, -0.02693266, -0.0176933 ,  0.03736415,  0.01518241,
        0.01648439, -0.02055927,  0.01387663,  0.01503627, -0.01771857,
       -0.0190888 ,  0.01265075,  0.02460125, -0.0204754 ,  0.02509183,
        0.03018833, -0.02145692,  0.01475757,  0.03375036,  0.01613998,
        0.01470171, -0.03560805,  0.02942013, -0.02868515, -0.03543241,
       -0.0162223 ,  0.019514  , -0.03535497,  0.03465839, -0.02623213,
       -0.04112603, -0.03128325,  0.01870145, -0.02267048, -0.02860786,
       -0.03749363, -0.04731029,  0.03458398,  0.01111013, -0.0350162 ,
       -0.03636401,  0.01188304,  0.00980679, -0.03895471,  0.03870462,
        0.02792579, -0.03733663, -0.03396282, -0.03625842, -0.03553802,
       -0.03170034,  0.03670948,  0.02448449, -0.021504  ,  0.01324403,
        0.03312306,  0.00356384, -0.02059352,  0.03539009,  0.01445687,
        0.01517126,  0.03544035, -0.03058326,  0.03673176, -0.04299799,
       -0.03477931,  0.01839018, -0.01858807, -0.01860801,  0.03414236,
        0.02883118, -0.06705087, -0.03147561, -0.03734438, -0.02796436,
       -0.01609009, -0.01589128, -0.0355926 ,  0.00833753,  0.02840005,
        0.03310293,  0.03607633,  0.0098792 , -0.02072543,  0.03247109,
        0.01729425, -0.02018179,  0.03096229,  0.03295874,  0.00018195,
        0.01641596, -0.01743655,  0.03680214,  0.01408325, -0.01960737,
        0.03101754,  0.01452446,  0.01911822,  0.03568729, -0.02275081,
       -0.05048513,  0.01932759,  0.01051128, -0.03364095,  0.01774462,
       -0.0381341 , -0.02978687,  0.01735308, -0.0351795 ,  0.01855495,
       -0.0237684 ,  0.02203122, -0.01749546,  0.03803164,  0.03476024,
       -]
[array([[-0.39591286, -0.34798807, -0.4184013 , ...,  0.7416968 ,
        -0.05085231,  1.4224348 ],
       [-0.10575692, -0.24094443, -0.73622215, ..., -0.672739  ,
         0.7935583 ,  0.4634868 ],
       [ 1.1290474 ,  0.20355201,  0.33045924, ..., -0.41719764,
         0.7313937 ,  0.8011171 ],
       ...,
       [-0.29168624,  0.10346363, -0.3460271 , ...,  0.21845908,
         1.1757125 ,  0.1303703 ],
       [-0.8270197 ,  0.128186  , -1.3057086 , ...,  0.02273005,
         0.9326939 , -0.10056405],
       [-0.7147995 ,  0.13106516,  1.1188123 , ..., -0.10624681,
         0.08793185,  1.1207889 ]], dtype=float32), array([-0.11670805, -1.7711571 , -1.0564908 , -1.3879108 ,  0.4828598 ,
       -1.653084  , -0.10281569, -1.4755516 , -0.15073802,  0.22679168,
        0.3145125 ,  0.62645775, -0.35331196, -2.1266809 , -0.5506327 ,
        0.17024368,  0.15270862,  0.29756922, -0.34887668, -1.2455149 ,
        0.53346074, -1.4698099 , -1.2443085 ,  0.5730159 , -0.1442057 ,
        0.45821762, -0.8073125 ,  0.10987061, -0.14872226,  0.03405527,
       -0.07625632,  0.11207079, -1.3568443 , -0.05407723,  0.04600615,
       -1.217727  , -0.05745445, -0.7003732 , -0.24855268, -0.8070097 ,
       -2.1062632 ,  0.5162771 , -1.4557998 ,  0.03252281, -0.56768507,
        0.47361976, -0.22803576,  0.12698686, -2.1659448 ,  0.16170728,
       -0.7754143 , -0.76634383, -0.21349367, -1.445967  , -0.12464698,
        0.05662768,  1.0199728 , -0.88967294, -0.03964174, -1.1065669 ,
       -1.0643001 , -0.19064923, -2.2756667 , -0.57698506,  1.223958  ,
        0.91374254, -1.1383103 , -0.9290092 , -1.6871033 , -1.4235235 ,
       -0.23656932, -1.4326887 , -0.8301189 , -0.36932912, -1.4246298 ,
       -0.66755015,  0.01848382, -0.5839739 ,  0.28158396,  0.61106426,
       -0.35487932, -0.9056646 ,  0.04126677, -1.3250564 , -0.41677955,
       -0.56141543, -0.07624222,  0.18618177,  0.24929902, -1.5286703 ,
       -0.9858366 ,  0.15231587, -0.11642504, -0.6991661 , -1.3327105 ,
       -0.37547034, -0.9346088 , -0.9625682 , -0.37934968,  0.2852842 ,
       -1.5921539 , -1.4022647 , -0.5686307 , -0.6524951 ,  0.6301453 ,
       -0.34942353, -0.7846444 , -0.93744236, -0.50393957,  0.1445593 ,
       -0.6554513 ,  0.20664224, -0.4012478 , -0.6252392 , -2.8481767 ,
        0.59046495, -0.2657061 , -0.12081126, -1.3613192 , -0.86222595,
       -0.79341984, -0.5111233 ,  0.71518445, -0.01055512, -0.42643854,
        0.44664344,  0.3016563 , -0.4627758 ], dtype=float32), array([[ 8.4188658e-01, -3.0259377e-01, -3.1382534e-01, ...,
        -3.4733677e+00, -7.3737210e-01, -3.3349097e-01],
       [-2.4482779e-01, -8.5338104e-01,  1.1719593e+00, ...,
         4.2208067e-01, -2.3858672e-01, -1.0243840e+00],
       [-7.0118433e-01, -3.1209883e-01,  2.4803169e-03, ...,
         4.8537093e-01,  8.4528601e-01, -1.7316204e+00],
       ...,
       [ 1.5325674e-01, -2.5601859e+00,  1.6084135e+00, ...,
        -2.5734951e+00, -3.6010032e+00, -2.7243166e+00],
       [-1.0617328e+00,  8.8728541e-01, -9.1040587e-01, ...,
         6.9570112e-01,  5.2753568e-01,  4.3912232e-01],
       [ 6.6286451e-01, -6.9114995e-01, -3.9503941e-01, ...,
         1.0295660e+00, -1.8313301e+00, -1.5449022e+00]], dtype=float32), array([0.42798313, 0.54309714, 0.40115437, 0.43285483, 0.43903038,
       0.3507105 , 0.3290388 , 0.6828782 , 0.39400992, 0.45611688,
       0.60989106, 0.5633351 , 0.48668414, 0.4671775 , 0.39733467,
       0.54305476], dtype=float32)]

