Model[0]
[array([[ 0.00963216,  0.03219837,  0.20573294, ...,  0.18250285,
        -0.06027836,  0.09918389],
       [ 0.01412531,  0.15306616, -0.02074032, ...,  0.24831995,
        -0.37668446,  0.22595844],
       [ 0.13600951,  0.06933558, -0.00988605, ...,  0.21428965,
         0.11894731,  0.14855331],
       ...,
       [-0.09358862,  0.05415348, -0.3212025 , ..., -0.08012777,
        -0.21236295, -0.09650575],
       [-0.23226936,  0.10063601, -0.59176797, ...,  0.2188641 ,
        -0.48354372, -0.18671136],
       [-0.3274376 ,  0.1625782 , -0.30763394, ...,  0.00579437,
         0.20658246, -0.0370288 ]], dtype=float32), array([ 0.15604289, -0.08693839,  0.10575956, -0.01053863, -0.14698239,
       -0.00883841,  0.03354111, -0.11050291,  0.19314428,  0.01225744,
        0.0407346 , -0.02646207,  0.09890272, -0.05014106,  0.1402638 ,
       -0.05845013,  0.09373581,  0.03043862, -0.03863755,  0.13848276,
        0.17570835,  0.00658566,  0.0125691 ,  0.01208199, -0.11803574,
        0.06321999,  0.08392215,  0.01561438, -0.09414738, -0.06061922,
        0.05174811,  0.10146877,  0.1491614 ,  0.08272726, -0.0711992 ,
       -0.01774833,  0.19991817,  0.00373134, -0.11595939, -0.06071161,
        0.05693359,  0.13382152, -0.03499085, -0.10246555,  0.15663134,
       -0.10071431,  0.03612129,  0.12932485,  0.0303409 , -0.0314356 ,
       -0.02490463,  0.01637002,  0.07567165,  0.06654175,  0.04251092,
        0.1172264 ,  0.04119049, -0.13826539,  0.07884304,  0.09349409,
        0.1834641 , -0.13595387,  0.21146275,  0.11316721, -0.07241995,
       -0.06449997,  0.09270998, -0.02902422,  0.20651115, -0.1671647 ,
        0.2498442 , -0.02916718, -0.05771631,  0.04508539, -0.04905612,
       -0.00559749,  0.06716967, -0.07261907, -0.05168089, -0.03092352,
        0.06086462,  0.04924004,  0.01295561,  0.05136819,  0.0538074 ,
        0.08351773, -0.03201556, -0.12580469, -0.00184133, -0.09749729,
       -0.03056651,  0.05909767,  0.16972084,  0.26294926,  0.11081519,
        0.06866319,  0.00317441,  0.12268953,  0.01197122, -0.15475428,
        0.14982422,  0.1778927 ,  0.0469849 ,  0.02606133, -0.04907303,
        0.04816679,  0.00387802,  0.00915131,  0.24512772,  0.20907538,
        0.07727322,  0.16634431, -0.11833411, -0.0026633 ,  0.03820797,
        0.12365271,  0.24276465, -0.17257643,  0.01802099, -0.02852986,
        0.20796557, -0.01139834,  0.1599382 , -0.1249343 ,  0.13053606,
        0.08036865, -0.02319086, -0.11377942], dtype=float32), array([[-0.04589743, -0.22178489, -0.24894515, ..., -0.28696448,
         0.00182554,  0.10101978],
       [-0.00940218, -0.15679082, -0.04974706, ..., -0.05512375,
        -0.0024864 , -0.14338839],
       [-0.27326685,  0.0795584 ,  0.00716573, ..., -0.18988205,
        -0.13537428, -0.17551444],
       ...,
       [-0.0981794 , -0.2293436 , -0.21144974, ...,  0.10943282,
        -0.21857424,  0.03160764],
       [-0.16447851,  0.02674462,  0.01404139, ..., -0.0899088 ,
         0.06877872, -0.26652062],
       [-0.11064965, -0.09051232,  0.03288712, ..., -0.07417233,
        -0.14415033, -0.24248147]], dtype=float32), array([-0.04257533, -0.03759163, -0.03422586, -0.03463874, -0.03301359,
       -0.04050693, -0.04681961, -0.03230349, -0.04289382, -0.05469609,
       -0.04059155, -0.03578467, -0.03410394, -0.03414578, -0.04546779,
       -0.0354873 ], dtype=float32)]

Model[1]
[array([[ 0.1076801 , -0.15351029,  0.37669224, ...,  0.4662808 ,
        -0.20385082,  0.08472259],
       [ 0.09659292,  0.45309335,  0.07577193, ...,  0.67672914,
        -0.6760783 ,  0.7176465 ],
       [ 0.19678752,  0.2948958 ,  0.14035198, ...,  0.22490071,
        -0.10469642,  0.20450817],
       ...,
       [-0.20250629,  0.24301833, -0.5680422 , ..., -0.12775749,
        -0.4011272 , -0.15972853],
       [-0.40533814,  0.40362388, -0.91697776, ...,  0.29983267,
        -0.46715996, -0.12540083],
       [-0.4530775 ,  0.3190396 , -0.87566   , ...,  0.04446625,
         0.58634925, -0.15096983]], dtype=float32), array([ 0.3607599 , -0.40651572,  0.23121147, -0.11898655, -0.32987395,
       -0.01696748,  0.24297202, -0.38877702,  0.43425244, -0.13204046,
        0.14597546, -0.22128494,  0.33209115, -0.14159638,  0.355946  ,
       -0.18834198,  0.17414185,  0.04540944, -0.16956677,  0.36300284,
        0.24463855, -0.10627404,  0.01992069,  0.14973752, -0.18602276,
        0.33260468,  0.21583733,  0.02083549, -0.08073229,  0.03705257,
       -0.03387829, -0.0322912 ,  0.4167864 ,  0.02109569, -0.34881237,
       -0.07381552,  0.4802449 ,  0.13799539, -0.21535975,  0.00203838,
        0.23001045,  0.42920235, -0.07012167, -0.16601014,  0.29827958,
       -0.41657752,  0.17224179,  0.31563762,  0.12346081,  0.12710899,
       -0.1304433 ,  0.10385105,  0.35752434, -0.0229755 ,  0.22113201,
        0.44908997,  0.21660042, -0.52948755,  0.17165221,  0.10915209,
        0.538696  , -0.36937553,  0.42720065,  0.26137394, -0.14644586,
       -0.2694265 ,  0.09267544,  0.04747887,  0.3659584 , -0.36362413,
        0.5429791 , -0.13743567, -0.18147303,  0.2507191 , -0.31580848,
       -0.0887886 ,  0.19360156, -0.03809946, -0.09750356, -0.21941958,
        0.13457087, -0.08721264,  0.04508494,  0.25478524,  0.12827563,
        0.34123915,  0.04202119, -0.38376123, -0.04149171, -0.3750271 ,
       -0.13034612,  0.07605045,  0.33514017,  0.6596477 , -0.00408272,
        0.24324276, -0.00532493,  0.13831006,  0.06171668, -0.4047597 ,
        0.47331592,  0.2763078 ,  0.2527315 ,  0.13366248, -0.11302466,
        0.1276535 , -0.0365577 ,  0.11233424,  0.68501997,  0.57425463,
        0.1029102 ,  0.37589088, -0.18024173,  0.10334583,  0.06114841,
        0.20961063,  0.4915675 , -0.45138383,  0.0193092 , -0.11723471,
        0.45796824, -0.07572649,  0.40606186, -0.23514663,  0.38756055,
        0.4444643 , -0.1713935 , -0.45932046], dtype=float32), array([[ 0.2690032 , -0.5785746 , -1.0771962 , ..., -1.2647144 ,
         0.3591104 ,  0.19134581],
       [ 0.03867134, -0.75548536,  0.2374838 , ...,  0.17343836,
         0.17231339, -0.5014366 ],
       [-0.7381957 ,  0.20124853,  0.09458593, ..., -0.93478143,
        -0.6450818 , -0.8837282 ],
       ...,
       [ 0.3533871 , -0.8507315 , -0.9557556 , ...,  0.22181512,
        -1.5243186 ,  0.14368229],
       [-0.9875584 ,  0.08217826,  0.07751714, ..., -0.01387552,
         0.25192875, -1.2533419 ],
       [-0.56318176, -0.36815682,  0.27982056, ...,  0.04549777,
        -0.9010489 , -1.0207925 ]], dtype=float32), array([-0.03384939, -0.00902569, -0.0287351 , -0.00624839, -0.01544685,
        0.0011374 , -0.03356926,  0.0095245 , -0.01172797, -0.04522641,
       -0.00860463, -0.03859987, -0.0104489 ,  0.016257  , -0.0224525 ,
       -0.00849028], dtype=float32)]

Model[2]
[array([[ 0.04639697, -0.23594967,  0.46166095, ...,  0.45695397,
        -0.24658582,  0.08405441],
       [ 0.04966988,  0.5642876 ,  0.06604548, ...,  0.6844706 ,
        -0.5845208 ,  0.78941256],
       [ 0.24315615,  0.33958095,  0.11304539, ...,  0.30223927,
        -0.09339333,  0.2148514 ],
       ...,
       [-0.25204182,  0.26275727, -0.5552378 , ..., -0.18038598,
        -0.45845526, -0.15768778],
       [-0.50837094,  0.4339567 , -1.047185  , ...,  0.24117982,
        -0.4069839 , -0.11091612],
       [-0.58078253,  0.42235658, -0.97457945, ..., -0.06199585,
         0.7557752 , -0.08601033]], dtype=float32), array([ 0.43048498, -0.57018566,  0.32735732, -0.13327564, -0.36013106,
       -0.01473346,  0.33611634, -0.5529311 ,  0.53283703, -0.14135139,
        0.14349279, -0.30432525,  0.35013226, -0.15493616,  0.4282475 ,
       -0.24116467,  0.24687329,  0.03536319, -0.16324216,  0.45336708,
        0.33038455, -0.11003882, -0.01282338,  0.18251719, -0.27616405,
        0.445575  ,  0.18875235, -0.02115604, -0.00631007,  0.04563841,
       -0.01402998, -0.06065635,  0.47489172,  0.01738917, -0.3839778 ,
       -0.10702451,  0.52827775,  0.17552644, -0.32817176, -0.0050012 ,
        0.23166478,  0.51456404, -0.06984235, -0.28570047,  0.35330173,
       -0.5493323 ,  0.25171193,  0.36550847,  0.08632752,  0.16837673,
       -0.15008083,  0.07677249,  0.48254558, -0.08047733,  0.33837453,
        0.5072921 ,  0.27052927, -0.6068922 ,  0.21541287,  0.10253606,
        0.6214708 , -0.4124489 ,  0.5004005 ,  0.2799792 , -0.2721702 ,
       -0.32343724,  0.02464402,  0.09268555,  0.38712457, -0.4280841 ,
        0.6592194 , -0.22057925, -0.18998654,  0.25017995, -0.40895456,
       -0.07624573,  0.26474085, -0.05717048, -0.14073935, -0.2584737 ,
        0.19014037, -0.06660257,  0.10615922,  0.3516098 ,  0.23522663,
        0.36784267, -0.02257579, -0.44747144, -0.05191325, -0.48033556,
       -0.16319433, -0.02359602,  0.37983447,  0.75415164, -0.00736126,
        0.3043942 ,  0.10189029,  0.10109315,  0.04954779, -0.49947825,
        0.5254654 ,  0.3327055 ,  0.20501418,  0.18062344, -0.09560187,
        0.09945127,  0.00907578,  0.10443347,  0.8048796 ,  0.69196725,
        0.15719579,  0.42769256, -0.21847491,  0.07791444,  0.12660208,
        0.25950548,  0.56095695, -0.52659065, -0.0540106 , -0.03686238,
        0.53279734, -0.1746253 ,  0.5223664 , -0.26259997,  0.46130168,
        0.56356674, -0.2730748 , -0.53566545], dtype=float32), array([[ 0.412736  , -0.69583327, -1.3444984 , ..., -1.6126204 ,
         0.5039475 ,  0.1770551 ],
       [ 0.06449143, -1.1607759 ,  0.328889  , ...,  0.26597   ,
         0.25879857, -0.66196126],
       [-0.82315695,  0.350172  ,  0.13873112, ..., -1.0831553 ,
        -0.8488896 , -1.1376796 ],
       ...,
       [ 0.5011111 , -1.1201444 , -1.316038  , ...,  0.26506272,
        -1.9111917 ,  0.17069401],
       [-1.4122137 ,  0.10069975,  0.07744932, ..., -0.00379041,
         0.35423175, -1.4949938 ],
       [-0.87506753, -0.6813956 ,  0.40832514, ...,  0.13442321,
        -1.2299144 , -1.2778925 ]], dtype=float32), array([-0.06016573, -0.0185208 , -0.07978031, -0.01795877, -0.02936876,
       -0.0129458 , -0.05227468, -0.0075137 , -0.08380483, -0.08206896,
       -0.06322413, -0.00649111, -0.04517603, -0.02800403, -0.04641972,
       -0.07326654], dtype=float32)]

Model[3]
[array([[ 0.05161076, -0.26385927,  0.48764092, ...,  0.46382028,
        -0.30838227,  0.17733575],
       [ 0.06608321,  0.54082376,  0.08683074, ...,  0.6940777 ,
        -0.6515241 ,  0.7497129 ],
       [ 0.28520945,  0.32667   ,  0.16834551, ...,  0.3385055 ,
        -0.12255824,  0.1731791 ],
       ...,
       [-0.3145863 ,  0.30079803, -0.6409061 , ..., -0.23122153,
        -0.43803862, -0.16704501],
       [-0.49314266,  0.3843373 , -1.0101625 , ...,  0.28401017,
        -0.43689236, -0.12152144],
       [-0.7361314 ,  0.6308313 , -1.1903145 , ..., -0.18111686,
         0.9920615 ,  0.0923433 ]], dtype=float32), array([ 0.43046764, -0.61337   ,  0.42188433, -0.14419794, -0.44120017,
        0.0263225 ,  0.41885504, -0.60394627,  0.53399765, -0.11287937,
        0.1412161 , -0.3549958 ,  0.40187982, -0.14439872,  0.4109353 ,
       -0.24833012,  0.29855976,  0.06048391, -0.1220068 ,  0.48500174,
        0.28197193, -0.09157885,  0.0359167 ,  0.16341321, -0.36448246,
        0.5043144 ,  0.135197  , -0.07285771,  0.02835186,  0.05351759,
       -0.08581214, -0.04333279,  0.53076965,  0.02497666, -0.49413195,
       -0.20866567,  0.56859124,  0.20465915, -0.4215012 , -0.0371471 ,
        0.33156174,  0.5322952 , -0.05416854, -0.36454183,  0.33109656,
       -0.58743197,  0.31005618,  0.49786752,  0.09449802,  0.18137497,
       -0.15805358,  0.05746192,  0.49865636, -0.17869823,  0.34195405,
        0.5706867 ,  0.2562873 , -0.71362805,  0.22706947,  0.16897957,
        0.5958451 , -0.3978988 ,  0.47393674,  0.2721953 , -0.27864864,
       -0.34905234, -0.04790214,  0.07955186,  0.39446962, -0.52652115,
        0.64053345, -0.2250654 , -0.24142924,  0.25092348, -0.43219364,
       -0.08790851,  0.29970774, -0.05931567, -0.08915814, -0.29437718,
        0.19966723, -0.04851237,  0.18216927,  0.3528062 ,  0.23064716,
        0.33221343, -0.02991712, -0.48473018, -0.02414707, -0.58353454,
       -0.14818813, -0.02881927,  0.4289373 ,  0.86354375, -0.02509696,
        0.35703534,  0.10408257,  0.09460681,  0.08807753, -0.5202812 ,
        0.58524066,  0.37885517,  0.14134641,  0.22041054, -0.07904929,
        0.10268693,  0.00253491,  0.06442907,  0.87662435,  0.65407175,
        0.1638861 ,  0.40073803, -0.2194853 ,  0.04767982,  0.13667554,
        0.26256773,  0.58436114, -0.5570008 , -0.07508041, -0.00984962,
        0.6125797 , -0.19624361,  0.45917875, -0.30565992,  0.42690244,
        0.5343806 , -0.31978402, -0.61545014], dtype=float32), array([[ 0.4543609 , -0.78258497, -1.5593468 , ..., -1.9120866 ,
         0.6426234 ,  0.19495545],
       [ 0.02465196, -1.2765856 ,  0.37965593, ...,  0.36793137,
         0.2735477 , -0.72702116],
       [-0.95799017,  0.35846597,  0.11182742, ..., -1.182563  ,
        -0.87825084, -1.1626261 ],
       ...,
       [ 0.58815575, -1.1504443 , -1.6222361 , ...,  0.35259742,
        -2.1178558 ,  0.19053623],
       [-1.6084007 ,  0.11614086,  0.1168385 , ..., -0.02634784,
         0.36111054, -1.5615413 ],
       [-1.1047004 , -0.8208623 ,  0.47582716, ...,  0.26746193,
        -1.4352046 , -1.2857422 ]], dtype=float32), array([-0.10504878, -0.00717517, -0.10131606, -0.03451226, -0.03413679,
       -0.00408184, -0.04730844,  0.01762233, -0.13170019, -0.10978905,
       -0.06685965,  0.02557033, -0.04606444, -0.02676171, -0.070946  ,
       -0.05852395], dtype=float32)]

Model[4]
[array([[ 0.12015861, -0.29928994,  0.44217724, ...,  0.4862197 ,
        -0.30705118,  0.1999381 ],
       [ 0.03890978,  0.541682  ,  0.10405615, ...,  0.72795564,
        -0.68283415,  0.70054233],
       [ 0.26536214,  0.34419882,  0.30873603, ...,  0.2542791 ,
        -0.1055764 ,  0.10435424],
       ...,
       [-0.37012586,  0.34922996, -0.69633293, ..., -0.27343696,
        -0.39117515, -0.16270095],
       [-0.4905142 ,  0.378638  , -1.0121857 , ...,  0.31288648,
        -0.40448225, -0.07277926],
       [-0.7722525 ,  0.62068915, -1.2731407 , ..., -0.18100947,
         0.9789915 ,  0.16491538]], dtype=float32), array([ 0.42916286, -0.6036471 ,  0.37834224, -0.15913527, -0.5078028 ,
        0.01439571,  0.3971205 , -0.58530146,  0.5146632 , -0.15991922,
        0.1267238 , -0.37614903,  0.44046837, -0.09033103,  0.4655408 ,
       -0.33486164,  0.296966  ,  0.05953064, -0.1360924 ,  0.4986146 ,
        0.30590624, -0.05098568,  0.05563762,  0.10091881, -0.3259945 ,
        0.43413994,  0.1245821 , -0.04715002,  0.00549982,  0.00925067,
       -0.1253114 , -0.06027332,  0.5699047 , -0.06778539, -0.5490299 ,
       -0.16769211,  0.5763002 ,  0.21209319, -0.41517338, -0.04636189,
        0.42176065,  0.55306584, -0.05110081, -0.30937025,  0.3337574 ,
       -0.5979769 ,  0.31742957,  0.5529524 ,  0.17036343,  0.16301708,
       -0.17649144,  0.11606214,  0.43157083, -0.22002386,  0.29795137,
        0.6451004 ,  0.28607243, -0.8255339 ,  0.2773725 ,  0.11877397,
        0.6588699 , -0.4550824 ,  0.45201018,  0.26811928, -0.34540677,
       -0.33239552,  0.01419798,  0.0860785 ,  0.4852333 , -0.56113136,
        0.7499877 , -0.25364956, -0.25764278,  0.3478465 , -0.49336022,
       -0.10540991,  0.2659548 , -0.06567446, -0.07437371, -0.36059946,
        0.2200306 , -0.13545942,  0.23915942,  0.3723326 ,  0.17599414,
        0.34317055, -0.00266314, -0.4594373 , -0.06413478, -0.6195465 ,
       -0.16134286, -0.01282436,  0.3406193 ,  0.9022586 , -0.06852117,
        0.3852316 ,  0.03000173,  0.10821035,  0.10735311, -0.5162876 ,
        0.6130119 ,  0.40742028,  0.16553172,  0.26969057, -0.1022563 ,
        0.16145162, -0.03115852,  0.09253377,  0.8764523 ,  0.7677157 ,
        0.0986593 ,  0.4204622 , -0.17626616,  0.05987369,  0.09887461,
        0.25396863,  0.59579295, -0.6056945 , -0.04989374, -0.08916041,
        0.6399291 , -0.20834364,  0.48873496, -0.3262838 ,  0.45690158,
        0.5758285 , -0.29242423, -0.62072873], dtype=float32), array([[ 0.48088768, -0.85913044, -1.7846725 , ..., -2.1003368 ,
         0.7977404 ,  0.2375652 ],
       [ 0.03897121, -1.3669163 ,  0.41951174, ...,  0.41991675,
         0.32316518, -0.79633284],
       [-0.9278622 ,  0.39896584,  0.20974942, ..., -1.266829  ,
        -1.010272  , -1.2406591 ],
       ...,
       [ 0.6728487 , -1.3999069 , -1.8636533 , ...,  0.4115621 ,
        -2.295412  ,  0.24324593],
       [-1.5788513 ,  0.14263366,  0.06785829, ..., -0.06118774,
         0.4087389 , -1.6647509 ],
       [-1.134178  , -0.88708836,  0.3860555 , ...,  0.3435461 ,
        -1.5568281 , -1.4014754 ]], dtype=float32), array([-0.10210065,  0.01520887, -0.1623157 , -0.00244948, -0.02418967,
       -0.01367375, -0.05115514,  0.02696173, -0.17468487, -0.13593943,
       -0.0286246 ,  0.02318987, -0.05401865, -0.01844436, -0.04755078,
       -0.04020548], dtype=float32)]

Model[5]
[array([[ 0.16102771, -0.32936612,  0.44633615, ...,  0.49782917,
        -0.37103197,  0.1353115 ],
       [ 0.03188843,  0.4841683 ,  0.09489541, ...,  0.7533121 ,
        -0.7779959 ,  0.77989155],
       [ 0.33555266,  0.30036303,  0.11187246, ...,  0.25363192,
        -0.12370066,  0.13381211],
       ...,
       [-0.34865314,  0.38684607, -0.79492503, ..., -0.24012107,
        -0.40358996, -0.2181312 ],
       [-0.41762725,  0.39856696, -0.87376106, ...,  0.329435  ,
        -0.51039964, -0.05548676],
       [-0.85724133,  0.6382305 , -1.2146103 , ..., -0.21903832,
         1.0144893 ,  0.2510004 ]], dtype=float32), array([ 4.99311686e-01, -6.95134103e-01,  3.67659241e-01, -1.59128740e-01,
       -6.14321649e-01, -1.31858731e-04,  4.51183021e-01, -6.49387896e-01,
        5.47154784e-01, -2.25625888e-01,  1.82556242e-01, -3.71807367e-01,
        4.52771395e-01, -1.73012599e-01,  4.32972997e-01, -3.45002085e-01,
        3.19360644e-01,  6.94123283e-02, -1.82730094e-01,  5.15063763e-01,
        3.17288399e-01, -7.85277784e-02, -3.51539254e-02,  1.64332479e-01,
       -4.35671389e-01,  6.26409292e-01,  1.25334218e-01, -1.30377486e-01,
        3.09808590e-02,  5.40766923e-04, -1.53117761e-01, -9.32719111e-02,
        5.91038764e-01, -5.86722381e-02, -5.50036550e-01, -2.49970883e-01,
        6.64135456e-01,  2.27858678e-01, -5.88564217e-01, -8.34990293e-02,
        4.09644693e-01,  5.20167291e-01, -7.42164627e-02, -4.66329247e-01,
        3.56624901e-01, -7.52914011e-01,  4.50173348e-01,  5.35089016e-01,
        2.08799422e-01,  2.20839784e-01, -1.64547145e-01,  1.53794572e-01,
        5.22104442e-01, -2.77940243e-01,  3.09228837e-01,  7.22908616e-01,
        3.14282238e-01, -1.00929224e+00,  2.79692978e-01,  1.85812131e-01,
        5.77143252e-01, -4.61403102e-01,  4.53230560e-01,  2.60446131e-01,
       -4.67167556e-01, -4.81087714e-01, -1.86088239e-03, -2.04223488e-02,
        5.46246111e-01, -6.44121408e-01,  7.59773254e-01, -3.09989095e-01,
       -2.70266414e-01,  2.67873555e-01, -6.24016404e-01, -7.62287006e-02,
        3.56510758e-01, -2.23815218e-01, -1.65313050e-01, -3.28023195e-01,
        1.99605286e-01, -8.29428434e-02,  2.44721234e-01,  4.45952147e-01,
        1.63797021e-01,  4.76606309e-01, -1.79199479e-03, -5.88587284e-01,
        3.25926989e-02, -6.77286088e-01, -1.64386705e-01, -2.50587948e-02,
        3.41779083e-01,  1.03920841e+00, -1.19362466e-01,  3.98058236e-01,
        6.49104565e-02,  7.36519769e-02,  8.10087472e-02, -6.04204535e-01,
        5.69818616e-01,  4.85697627e-01,  1.30528703e-01,  2.69532442e-01,
       -1.43948629e-01,  6.64041862e-02, -2.06463877e-02,  4.03994434e-02,
        8.87539506e-01,  8.48012686e-01,  1.93084907e-02,  4.33500230e-01,
       -3.91830444e-01,  1.07437238e-01,  2.15165004e-01,  2.33812287e-01,
        6.38431072e-01, -7.20305741e-01, -3.78265940e-02, -1.07118331e-01,
        6.75893664e-01, -3.35127413e-01,  5.24458110e-01, -4.22698140e-01,
        5.48218966e-01,  6.21815920e-01, -4.18414384e-01, -7.03942060e-01],
      dtype=float32), array([[ 0.6532507 , -0.78851616, -1.9102445 , ..., -2.3011327 ,
         0.8868589 ,  0.24337022],
       [ 0.0920924 , -1.3117552 ,  0.4228541 , ...,  0.39028865,
         0.31456873, -0.71613705],
       [-0.9400824 ,  0.43062302,  0.23191085, ..., -1.1991786 ,
        -1.0348282 , -1.2058966 ],
       ...,
       [ 0.7157878 , -1.4316918 , -2.0509853 , ...,  0.4034592 ,
        -2.3999228 ,  0.2367411 ],
       [-1.7296466 ,  0.17192833,  0.12144665, ..., -0.06266056,
         0.39256054, -1.740125  ],
       [-1.1557076 , -0.8710875 ,  0.4298979 , ...,  0.3367927 ,
        -1.7038877 , -1.3528169 ]], dtype=float32), array([-0.08745988,  0.04253543, -0.12270765, -0.02059033, -0.00587496,
        0.01845903, -0.0328846 ,  0.01232248, -0.19797303, -0.12170491,
       -0.05473802,  0.07704173, -0.04497612, -0.04049405, -0.06889336,
       -0.02937686], dtype=float32)]

Model[6]
[array([[ 0.11165523, -0.18007086,  0.51159585, ...,  0.5388927 ,
        -0.2793551 , -0.02966567],
       [ 0.1393784 ,  0.6693851 , -0.05414447, ...,  0.80622154,
        -0.7050407 ,  0.76590014],
       [ 0.3485996 ,  0.3253535 ,  0.10398143, ...,  0.24760032,
        -0.14187847,  0.23039728],
       ...,
       [-0.38364896,  0.5257754 , -0.9143447 , ..., -0.2682821 ,
        -0.4166634 , -0.2273246 ],
       [-0.3146462 ,  0.38573778, -0.91309345, ...,  0.35728425,
        -0.45800173, -0.0840886 ],
       [-0.9106969 ,  0.60379803, -1.1474628 , ..., -0.32620957,
         1.0333706 ,  0.11653652]], dtype=float32), array([ 0.53256947, -0.6603548 ,  0.3887636 , -0.3078396 , -0.57025844,
       -0.01518331,  0.3827345 , -0.655861  ,  0.5571137 , -0.26724738,
        0.17231977, -0.5271952 ,  0.46293432, -0.13757786,  0.4018896 ,
       -0.40214172,  0.24761875,  0.06100362, -0.26008564,  0.46184224,
        0.15777016, -0.23452856, -0.0854553 ,  0.15611248, -0.4807723 ,
        0.5194845 ,  0.13580154, -0.09450393, -0.00156844, -0.04008593,
       -0.2267737 , -0.21048464,  0.6086814 , -0.02533632, -0.71440303,
       -0.29301438,  0.71317416,  0.24447423, -0.66247964, -0.09882652,
        0.38865113,  0.62310255, -0.13308786, -0.50520587,  0.40436965,
       -0.6972341 ,  0.4199734 ,  0.5816016 ,  0.26123777,  0.35289034,
       -0.30998507,  0.04970968,  0.49548978, -0.3882819 ,  0.3716931 ,
        0.76168704,  0.32561398, -1.257763  ,  0.22567894,  0.12752475,
        0.71624947, -0.67662317,  0.5175724 ,  0.3340275 , -0.45366585,
       -0.6078456 , -0.0601081 ,  0.0189124 ,  0.5651456 , -0.9720728 ,
        0.7743531 , -0.34311283, -0.33347476,  0.28941885, -0.7085615 ,
       -0.05902348,  0.3864661 , -0.30787724, -0.3266285 , -0.4655536 ,
        0.10930593, -0.10106412,  0.17584409,  0.42927948,  0.23700751,
        0.5379157 ,  0.01358442, -0.737602  ,  0.04094633, -0.725907  ,
       -0.32132214,  0.0262426 ,  0.35201523,  1.0783781 , -0.16225247,
        0.31479496,  0.1391558 ,  0.09985439,  0.08040451, -0.71899295,
        0.58770794,  0.5815695 ,  0.12015565,  0.21079065, -0.24323085,
       -0.00310118, -0.0741352 ,  0.10372332,  0.94375277,  0.8965788 ,
        0.00766795,  0.43015978, -0.450563  ,  0.06840327,  0.08048593,
        0.33595303,  0.6928627 , -0.84475315,  0.00403604, -0.21799035,
        0.8378478 , -0.46017683,  0.60170627, -0.61206865,  0.546879  ,
        0.73337096, -0.4610422 , -0.84298587], dtype=float32), array([[ 0.7193306 , -0.8892536 , -1.7884437 , ..., -2.500416  ,
         0.7467895 ,  0.250093  ],
       [ 0.14383836, -1.3380221 ,  0.39715505, ...,  0.45331326,
         0.48418075, -0.7266899 ],
       [-0.9905928 ,  0.47598752,  0.20686664, ..., -1.0954543 ,
        -1.1434988 , -1.2739894 ],
       ...,
       [ 0.8108382 , -1.4699295 , -2.1371694 , ...,  0.4750695 ,
        -2.658512  ,  0.2282742 ],
       [-1.7631162 ,  0.17302737,  0.11281659, ..., -0.12422416,
         0.4533307 , -1.8254554 ],
       [-1.1583414 , -1.0045005 ,  0.58737063, ...,  0.4169309 ,
        -1.6364653 , -1.302882  ]], dtype=float32), array([-0.05126586,  0.01412969, -0.09897501, -0.00125543, -0.01219954,
        0.00108891, -0.04178086,  0.00983508, -0.1932956 , -0.15137652,
        0.05389926,  0.04748029, -0.04123645,  0.0062033 , -0.04519276,
       -0.00109305], dtype=float32)]

Model[7]
[array([[-0.15702564, -0.07652299,  0.5735436 , ...,  0.5058605 ,
        -0.21568288,  0.05963938],
       [ 0.02270293,  0.6450905 , -0.15860522, ...,  0.7970704 ,
        -0.7153425 ,  0.74088216],
       [ 0.23138507,  0.34890887,  0.31509233, ...,  0.14125435,
        -0.0839437 , -0.15084492],
       ...,
       [-0.36899826,  0.2807783 , -0.8120028 , ..., -0.28549016,
        -0.8409376 , -0.154467  ],
       [-0.62303567,  0.3051507 , -1.1557359 , ...,  0.2907351 ,
        -0.2360025 ,  0.17430575],
       [-0.84637123,  0.5328653 , -1.3373802 , ..., -0.26494145,
         1.0734087 , -0.09991905]], dtype=float32), array([ 0.5500316 , -0.73973274,  0.46104422, -0.46350375, -0.78937227,
       -0.17233804,  0.43853474, -0.6658745 ,  0.6394471 , -0.482791  ,
        0.24536672, -0.57492834,  0.43706214, -0.17436063,  0.5008195 ,
       -0.27811694,  0.1356802 , -0.03210435, -0.34829217,  0.5518464 ,
        0.13667178, -0.14039727, -0.23377474,  0.14305612, -0.6030987 ,
        0.6803881 ,  0.2187531 , -0.05454859, -0.3012851 , -0.11480839,
       -0.30023435, -0.20493034,  0.58789366,  0.16836055, -0.618919  ,
       -0.25992906,  0.7648206 ,  0.0880418 , -0.7460231 , -0.03656453,
        0.55418676,  0.6056731 , -0.3105853 , -0.6288481 ,  0.33969024,
       -0.75087315,  0.57070893,  0.61165065,  0.34492618,  0.35500914,
       -0.33092192,  0.12528814,  0.6426525 , -0.3778096 ,  0.26362985,
        0.7537141 ,  0.32752943, -1.3704934 ,  0.17659336,  0.056139  ,
        0.62142617, -0.73129034,  0.58198994,  0.320222  , -0.5825643 ,
       -0.7414315 ,  0.04057629, -0.0436344 ,  0.71564335, -1.0451272 ,
        0.8559305 , -0.43133077, -0.3758057 ,  0.20858756, -0.9060823 ,
       -0.15643284,  0.4019982 , -0.38421938, -0.29612523, -0.6695334 ,
       -0.0975371 , -0.07112692, -0.0191217 ,  0.4854177 ,  0.12287942,
        0.4955148 ,  0.21766393, -0.84340954, -0.03039452, -0.7713346 ,
       -0.3706087 ,  0.09084105,  0.3431169 ,  1.2494804 , -0.2733522 ,
        0.3595122 ,  0.0491113 ,  0.04263736, -0.05197336, -0.78356016,
        0.6611959 ,  0.4800392 ,  0.17665175,  0.09507716, -0.45574147,
        0.17746209, -0.07868582,  0.04128622,  1.0048679 ,  0.8100499 ,
       -0.04839338,  0.44249588, -0.54661316,  0.15951745,  0.12367991,
        0.20213208,  0.74655044, -1.0585164 ,  0.03032645, -0.15588233,
        0.78385365, -0.39473397,  0.58068025, -0.68480045,  0.4664028 ,
        0.6991022 , -0.51075625, -0.9734676 ], dtype=float32), array([[ 0.68405527, -0.73224854, -1.988959  , ..., -2.6025934 ,
         0.69241774,  0.13701542],
       [ 0.18099886, -1.3566276 ,  0.35077107, ...,  0.3487903 ,
         0.51050603, -0.6757179 ],
       [-0.83001816,  0.6756418 ,  0.19105497, ..., -1.5282799 ,
        -1.1657844 , -1.3961906 ],
       ...,
       [ 0.66243005, -1.2011548 , -2.4351907 , ...,  0.447242  ,
        -2.9855702 ,  0.09747479],
       [-1.6845536 ,  0.21186805,  0.16703261, ..., -0.2092623 ,
         0.52312726, -1.7196683 ],
       [-1.1839094 , -0.97427046,  0.5582538 , ...,  0.28286314,
        -1.8446012 , -1.523218  ]], dtype=float32), array([-0.00570183,  0.06678987, -0.07516859,  0.00180064, -0.02262442,
        0.01050126, -0.03820451,  0.02381942, -0.1655454 , -0.18271984,
        0.04945295,  0.05196946,  0.00873516, -0.06836735,  0.00699509,
       -0.04307595], dtype=float32)]

Model[8]
[array([[-0.09780362, -0.30670652,  0.596872  , ...,  0.5709076 ,
        -0.4276219 ,  0.13203755],
       [ 0.10742378,  0.6483369 , -0.01961087, ...,  0.88211596,
        -0.42296687,  0.61961555],
       [ 0.27181324,  0.3764605 ,  0.38185534, ...,  0.36135674,
        -0.01947802,  0.06410664],
       ...,
       [-0.26299453, -0.00143363, -0.73941743, ..., -0.22668426,
        -0.9897098 , -0.20008256],
       [-0.73051536,  0.31463966, -1.0759784 , ...,  0.08405345,
        -0.36466   ,  0.14818126],
       [-0.8713045 ,  0.5184402 , -1.1893939 , ..., -0.08507962,
         0.9491019 , -0.01158694]], dtype=float32), array([ 0.52882   , -1.1654506 ,  0.64287233, -0.4679749 , -1.0498234 ,
       -0.2995826 ,  0.31221253, -0.94111   ,  0.6175089 , -0.5774312 ,
        0.22331707, -0.8533896 ,  0.40803903, -0.17482023,  0.58911663,
       -0.5431643 ,  0.1325745 , -0.13467899, -0.44020778,  0.48236173,
        0.15494177, -0.3341182 , -0.30539104,  0.10692   , -0.72588855,
        0.82032686,  0.27080542, -0.04302296, -0.30791378, -0.10952824,
       -0.5163772 , -0.15119205,  0.60041463,  0.01255984, -0.84787023,
       -0.37564296,  0.84827065,  0.1320329 , -1.0496564 , -0.0509574 ,
        0.6062333 ,  0.65761715, -0.26902777, -1.0193626 ,  0.41861615,
       -0.81220716,  0.49810162,  0.6243515 ,  0.2627196 ,  0.586697  ,
       -0.3489117 ,  0.26308876,  0.7193518 , -0.39496252,  0.27610844,
        0.85280955,  0.25792104, -1.7491506 ,  0.2334405 ,  0.22868848,
        0.64927584, -0.91458994,  0.6429872 ,  0.45684975, -0.7386228 ,
       -0.8953644 , -0.10549844, -0.14269432,  0.88559777, -1.4288069 ,
        1.0070205 , -0.4039242 , -0.45611703,  0.14860322, -1.1092519 ,
       -0.16753864,  0.33038154, -0.5075383 , -0.37527302, -0.7038344 ,
       -0.0337352 , -0.26689458,  0.04775087,  0.4443268 ,  0.10372669,
        0.4745367 ,  0.35073882, -1.0814874 ,  0.16863596, -0.96237147,
       -0.45825064,  0.10470107,  0.37197807,  1.351049  , -0.33369502,
        0.21856813,  0.19365872, -0.02755952, -0.11010792, -0.847874  ,
        0.5811158 ,  0.48900458,  0.18764742,  0.12562491, -0.5187668 ,
        0.07323863, -0.11026064, -0.12469506,  1.1014816 ,  1.0005847 ,
       -0.28823546,  0.5214814 , -0.7137688 ,  0.2010669 ,  0.1477187 ,
        0.2855673 ,  0.7384339 , -1.444731  ,  0.10180338, -0.33729947,
        0.9930179 , -0.4785922 ,  0.6328176 , -0.9211805 ,  0.54054046,
        0.8206305 , -0.69042784, -1.1268913 ], dtype=float32), array([[ 0.70708644, -0.9377355 , -1.9089333 , ..., -2.7251174 ,
         0.62769496,  0.16224219],
       [ 0.33991575, -1.3335208 ,  0.34400386, ...,  0.39200726,
         0.4882805 , -0.82531506],
       [-0.7920923 ,  0.67647296,  0.29910228, ..., -1.5238557 ,
        -1.2947632 , -1.2893065 ],
       ...,
       [ 0.8114728 , -1.4787394 , -2.4875057 , ...,  0.46366477,
        -3.1761196 ,  0.17275901],
       [-1.5823147 ,  0.20643969,  0.13778117, ..., -0.08447499,
         0.40710735, -1.899775  ],
       [-1.1260971 , -1.0100003 ,  0.6146864 , ...,  0.35239872,
        -1.9151942 , -1.4762741 ]], dtype=float32), array([-0.03830137,  0.0281541 , -0.0188468 ,  0.0217287 ,  0.01900351,
        0.00569609, -0.00574849,  0.06128723, -0.2578181 , -0.13079384,
        0.09965991,  0.11405242,  0.05154312, -0.00028817, -0.02321234,
        0.00343427], dtype=float32)]

Model[9]
[array([[-0.22402294, -0.2660242 ,  0.7792147 , ...,  0.45016626,
        -0.29077363,  0.5913495 ],
       [ 0.6127379 ,  0.77859956, -0.223661  , ...,  0.7604821 ,
        -0.5677924 ,  0.7248644 ],
       [ 0.21680151,  0.6911481 ,  0.6101273 , ...,  0.5093102 ,
         0.05139426,  0.09290288],
       ...,
       [-0.42132857,  0.21100044, -0.6348354 , ..., -0.18190959,
        -0.72841465, -0.19971201],
       [-0.53409433,  0.15224338, -0.8288954 , ...,  0.34760466,
        -0.500309  ,  0.13241006],
       [-0.7778883 ,  0.6244341 , -0.94276536, ..., -0.17783846,
         1.0815511 ,  0.14552186]], dtype=float32), array([ 5.87644994e-01, -1.12936592e+00,  9.05965626e-01, -4.53352988e-01,
       -1.29780376e+00, -3.36906195e-01,  3.71942252e-01, -8.17262173e-01,
        5.44180810e-01, -7.32972562e-01,  1.37013584e-01, -9.88818407e-01,
        4.72879857e-01, -3.24468762e-01,  7.76084423e-01, -7.35092461e-01,
        9.39215571e-02, -1.78478792e-01, -6.17756784e-01,  6.09876215e-01,
        1.56817749e-01, -4.71887052e-01, -2.70421147e-01,  7.29001015e-02,
       -7.54979432e-01,  8.74448180e-01,  1.15093008e-01, -1.92576602e-01,
       -1.62290409e-01, -1.19701967e-01, -4.36381459e-01, -1.42613530e-01,
        6.94317520e-01,  1.13245726e-01, -1.11405802e+00, -4.78327721e-01,
        8.66056502e-01,  9.14641172e-02, -7.87681341e-01, -6.50402233e-02,
        5.55961251e-01,  7.52122521e-01, -3.00499171e-01, -1.00142002e+00,
        3.89958918e-01, -1.05006969e+00,  4.43249732e-01,  6.30129099e-01,
        1.77358344e-01,  4.79243338e-01, -5.84924757e-01,  2.06389919e-01,
        6.89069450e-01, -5.15618622e-01,  3.33543628e-01,  9.05428886e-01,
        3.54845345e-01, -2.06721663e+00,  1.91142429e-02,  2.40869418e-01,
        8.05789709e-01, -1.26145566e+00,  5.35257518e-01,  5.39637089e-01,
       -8.30886900e-01, -1.23052919e+00, -6.36486560e-02, -3.85789424e-01,
        9.40525711e-01, -1.74255145e+00,  1.06084323e+00, -5.27647913e-01,
       -8.32233667e-01,  1.17422484e-01, -1.43593991e+00, -1.03408083e-01,
        4.19865817e-01, -7.22317219e-01, -4.00557637e-01, -8.24548006e-01,
        1.23429723e-01,  7.92734474e-02,  2.10847706e-01,  4.38535959e-01,
        2.86666065e-04,  4.97260720e-01,  1.30743310e-01, -1.34721112e+00,
        1.49668321e-01, -1.15404141e+00, -7.49826252e-01,  1.35934860e-01,
        3.57107043e-01,  1.51158655e+00, -5.57845056e-01,  7.11265579e-02,
        2.15925336e-01, -2.09473118e-01, -1.29975811e-01, -1.27563715e+00,
        6.74836636e-01,  6.39249861e-01,  1.48053378e-01,  2.19493404e-01,
       -6.44351542e-01, -7.22672641e-02, -1.91486537e-01, -2.05503166e-01,
        1.17868567e+00,  1.07559967e+00, -3.00005198e-01,  4.50735539e-01,
       -9.47087228e-01,  8.59379545e-02,  2.75193900e-01,  1.76284343e-01,
        8.21666837e-01, -1.52781737e+00, -1.96170732e-01, -5.11331022e-01,
        9.45153177e-01, -4.62920040e-01,  6.39122486e-01, -1.12489569e+00,
        3.88839722e-01,  8.37953150e-01, -7.12348819e-01, -1.16251338e+00],
      dtype=float32), array([[ 0.7377352 , -0.55133665, -2.3012385 , ..., -2.8717427 ,
         0.58301437,  0.15296544],
       [ 0.3836118 , -1.2833173 ,  0.38783363, ...,  0.23960063,
         0.43440762, -0.7153919 ],
       [-0.77757317,  0.59301037,  0.38514945, ..., -1.5026649 ,
        -1.235491  , -1.0961347 ],
       ...,
       [ 0.831032  , -1.3405344 , -2.6287463 , ...,  0.4071233 ,
        -3.5690365 ,  0.28844133],
       [-1.6697183 ,  0.04983072,  0.1623665 , ...,  0.01316195,
         0.32518804, -1.6231606 ],
       [-1.0302799 , -1.1606905 ,  0.7738026 , ...,  0.43689838,
        -2.041525  , -1.3898352 ]], dtype=float32), array([-0.05088387,  0.05399073,  0.04739039,  0.09648079,  0.05853297,
        0.04741523, -0.05644383,  0.0970354 , -0.12408451, -0.12647066,
        0.06085261,  0.21309806,  0.03759283,  0.03877801, -0.01493962,
        0.08075059], dtype=float32)]

